Date,Open,High,Low,Close,Volume
29-Dec-17,8050.00,8075.00,7800.00,8000.00,39157300
28-Dec-17,7975.00,8100.00,7850.00,7950.00,125524800
27-Dec-17,7675.00,8050.00,7675.00,8000.00,26984100
22-Dec-17,7625.00,7700.00,7550.00,7675.00,79256700
21-Dec-17,7550.00,7700.00,7500.00,7625.00,44244500
20-Dec-17,7525.00,7525.00,7375.00,7450.00,39537900
19-Dec-17,7375.00,7525.00,7350.00,7475.00,35463200
18-Dec-17,7325.00,7500.00,7300.00,7500.00,16583000
15-Dec-17,7400.00,7475.00,7300.00,7425.00,47436100
14-Dec-17,7500.00,7550.00,7425.00,7475.00,61262200
13-Dec-17,7400.00,7500.00,7400.00,7475.00,27038900
12-Dec-17,7550.00,7550.00,7400.00,7450.00,25544400
11-Dec-17,7525.00,7550.00,7450.00,7475.00,8515200
8-Dec-17,7500.00,7525.00,7375.00,7475.00,16583200
7-Dec-17,7450.00,7475.00,7350.00,7350.00,25290000
6-Dec-17,7500.00,7525.00,7450.00,7475.00,23852000
5-Dec-17,7475.00,7525.00,7425.00,7475.00,32836700
4-Dec-17,7500.00,7500.00,7400.00,7450.00,36629000
30-Nov-17,7400.00,7600.00,7375.00,7400.00,83770000
29-Nov-17,7475.00,7475.00,7400.00,7400.00,69636900
28-Nov-17,7400.00,7450.00,7400.00,7425.00,34243300
27-Nov-17,7450.00,7475.00,7375.00,7425.00,61405100
24-Nov-17,7500.00,7500.00,7375.00,7450.00,18029200
23-Nov-17,7525.00,7525.00,7375.00,7450.00,27869800
22-Nov-17,7500.00,7600.00,7375.00,7375.00,36329800
21-Nov-17,7450.00,7450.00,7325.00,7400.00,95858400
20-Nov-17,7375.00,7475.00,7300.00,7425.00,26705000
17-Nov-17,7175.00,7400.00,7125.00,7325.00,48289100
16-Nov-17,6925.00,7125.00,6925.00,7100.00,39510700
15-Nov-17,7050.00,7050.00,6925.00,6975.00,40730600
14-Nov-17,7000.00,7100.00,6950.00,6950.00,29667000
13-Nov-17,7100.00,7100.00,6950.00,7050.00,16854500
10-Nov-17,7100.00,7125.00,7025.00,7050.00,42055600
9-Nov-17,7175.00,7200.00,7075.00,7075.00,85485900
8-Nov-17,7150.00,7200.00,7100.00,7175.00,40298800
7-Nov-17,7225.00,7275.00,7075.00,7125.00,28240200
6-Nov-17,7150.00,7350.00,7150.00,7225.00,29775900
3-Nov-17,7350.00,7375.00,7125.00,7250.00,39365100
2-Nov-17,7150.00,7425.00,7125.00,7275.00,34312900
1-Nov-17,7100.00,7100.00,7025.00,7100.00,21655200
31-Oct-17,7125.00,7150.00,7000.00,7050.00,39465200
30-Oct-17,7100.00,7125.00,6975.00,7075.00,53521500
27-Oct-17,7000.00,7125.00,6950.00,6950.00,31682200
26-Oct-17,7050.00,7100.00,6975.00,7025.00,45577600
25-Oct-17,6950.00,7050.00,6950.00,7000.00,83341700
24-Oct-17,6900.00,7000.00,6825.00,6825.00,22491100
23-Oct-17,7075.00,7100.00,6900.00,6950.00,32954300
20-Oct-17,6975.00,7125.00,6950.00,7100.00,27778600
19-Oct-17,7075.00,7075.00,6925.00,6975.00,39439200
18-Oct-17,7100.00,7100.00,7025.00,7075.00,76227200
17-Oct-17,7075.00,7075.00,6950.00,7025.00,56477500
16-Oct-17,6875.00,7125.00,6875.00,6925.00,88646000
13-Oct-17,6850.00,7000.00,6775.00,6775.00,49330500
12-Oct-17,6750.00,6875.00,6675.00,6825.00,83789200
11-Oct-17,6725.00,6775.00,6675.00,6725.00,58794200
10-Oct-17,6650.00,6725.00,6600.00,6700.00,26580600
9-Oct-17,6650.00,6650.00,6575.00,6625.00,9306200
6-Oct-17,6600.00,6625.00,6575.00,6600.00,11235600
5-Oct-17,6675.00,6700.00,6575.00,6600.00,38959000
4-Oct-17,6725.00,6725.00,6650.00,6650.00,21820900
3-Oct-17,6700.00,6750.00,6650.00,6700.00,29826700
2-Oct-17,6725.00,6750.00,6625.00,6700.00,20795400
29-Sep-17,6575.00,6775.00,6575.00,6725.00,87859600
28-Sep-17,6600.00,6625.00,6575.00,6575.00,28024800
27-Sep-17,6575.00,6600.00,6525.00,6600.00,60907100
26-Sep-17,6600.00,6600.00,6550.00,6550.00,47042700
25-Sep-17,6600.00,6650.00,6550.00,6575.00,27522900
22-Sep-17,6600.00,6650.00,6550.00,6600.00,44165800
20-Sep-17,6575.00,6625.00,6550.00,6600.00,76154100
19-Sep-17,6600.00,6625.00,6525.00,6600.00,32813800
18-Sep-17,6550.00,6625.00,6500.00,6575.00,15601500
15-Sep-17,6550.00,6675.00,6525.00,6625.00,48288500
14-Sep-17,6625.00,6650.00,6550.00,6550.00,16193500
13-Sep-17,6700.00,6700.00,6550.00,6575.00,11134900
12-Sep-17,6650.00,6662.00,6588.00,6600.00,25741000
11-Sep-17,6638.00,6650.00,6600.00,6600.00,25523200
8-Sep-17,6538.00,6662.00,6500.00,6638.00,46394000
7-Sep-17,6525.00,6525.00,6450.00,6512.00,22772200
6-Sep-17,6450.00,6512.00,6400.00,6475.00,63184200
5-Sep-17,6500.00,6538.00,6438.00,6538.00,26711600
4-Sep-17,6525.00,6562.00,6488.00,6525.00,34634200
31-Aug-17,6538.00,6588.00,6538.00,6550.00,34550400
30-Aug-17,6550.00,6588.00,6538.00,6550.00,24114200
29-Aug-17,6588.00,6612.00,6550.00,6550.00,41693200
28-Aug-17,6625.00,6638.00,6600.00,6612.00,7703800
25-Aug-17,6675.00,6675.00,6588.00,6588.00,22513200
24-Aug-17,6650.00,6650.00,6600.00,6600.00,42355800
23-Aug-17,6675.00,6688.00,6600.00,6638.00,23085600
22-Aug-17,6650.00,6650.00,6625.00,6625.00,18540200
21-Aug-17,6525.00,6625.00,6525.00,6600.00,28366400
18-Aug-17,6600.00,6600.00,6538.00,6550.00,71707200
16-Aug-17,6662.00,6662.00,6625.00,6662.00,20168600
15-Aug-17,6662.00,6662.00,6638.00,6650.00,23604400
14-Aug-17,6600.00,6650.00,6600.00,6625.00,38975800
11-Aug-17,6625.00,6650.00,6575.00,6600.00,55524600
10-Aug-17,6750.00,6750.00,6638.00,6662.00,20743200
9-Aug-17,6725.00,6750.00,6625.00,6700.00,24729400
8-Aug-17,6588.00,6712.00,6575.00,6712.00,29032800
7-Aug-17,6525.00,6612.00,6525.00,6588.00,35883400
4-Aug-17,6525.00,6662.00,6525.00,6538.00,31384800
3-Aug-17,6600.00,6650.00,6550.00,6562.00,37687600
2-Aug-17,6750.00,6750.00,6625.00,6638.00,32649800
1-Aug-17,6838.00,6838.00,6700.00,6700.00,14989600
31-Jul-17,6700.00,6825.00,6650.00,6825.00,42708800
28-Jul-17,6725.00,6725.00,6612.00,6688.00,43696400
27-Jul-17,6675.00,6725.00,6650.00,6688.00,37365800
26-Jul-17,6600.00,6725.00,6600.00,6675.00,57037800
25-Jul-17,6550.00,6675.00,6550.00,6675.00,28378600
24-Jul-17,6512.00,6638.00,6500.00,6638.00,34314800
21-Jul-17,6662.00,6750.00,6525.00,6525.00,31478400
20-Jul-17,6662.00,6750.00,6650.00,6750.00,15778400
19-Jul-17,6788.00,6788.00,6625.00,6662.00,23991200
18-Jul-17,6750.00,6762.00,6712.00,6762.00,8555200
17-Jul-17,6775.00,6788.00,6725.00,6788.00,14041600
14-Jul-17,6725.00,6775.00,6600.00,6775.00,11773600
13-Jul-17,6650.00,6700.00,6525.00,6700.00,51436000
12-Jul-17,6425.00,6625.00,6425.00,6612.00,16556200
11-Jul-17,6500.00,6525.00,6438.00,6488.00,24711200
10-Jul-17,6500.00,6650.00,6500.00,6550.00,22190800
7-Jul-17,6550.00,6688.00,6550.00,6625.00,47198000
6-Jul-17,6662.00,6725.00,6650.00,6662.00,34256000
5-Jul-17,6738.00,6738.00,6612.00,6662.00,78403600
4-Jul-17,6662.00,6750.00,6600.00,6750.00,32792800
3-Jul-17,6388.00,6750.00,6338.00,6750.00,58170200
22-Jun-17,6350.00,6375.00,6275.00,6375.00,70322200
21-Jun-17,6225.00,6350.00,6212.00,6350.00,97317200
20-Jun-17,6225.00,6262.00,6138.00,6262.00,34844000
19-Jun-17,6238.00,6262.00,6200.00,6238.00,15338800
16-Jun-17,6225.00,6250.00,6162.00,6238.00,43756000
15-Jun-17,6250.00,6375.00,6225.00,6250.00,46893400
14-Jun-17,6162.00,6275.00,6150.00,6250.00,23601200
13-Jun-17,6075.00,6212.00,6075.00,6125.00,16976200
12-Jun-17,6138.00,6162.00,6112.00,6112.00,12860200
9-Jun-17,6150.00,6225.00,6100.00,6112.00,16127000
8-Jun-17,6175.00,6200.00,6100.00,6162.00,35601400
7-Jun-17,6175.00,6250.00,6175.00,6200.00,24686000
6-Jun-17,6288.00,6362.00,6188.00,6250.00,14360600
5-Jun-17,6300.00,6388.00,6288.00,6338.00,23522800
2-Jun-17,6425.00,6425.00,6250.00,6300.00,29914600
31-May-17,6250.00,6300.00,6175.00,6300.00,42621800
30-May-17,6125.00,6238.00,6125.00,6212.00,20109200
29-May-17,6150.00,6200.00,6075.00,6175.00,23285000
26-May-17,6238.00,6250.00,6050.00,6075.00,28789000
24-May-17,6025.00,6200.00,6000.00,6200.00,25251400
23-May-17,6262.00,6288.00,6050.00,6125.00,36808200
22-May-17,6600.00,6650.00,6200.00,6262.00,51414600
19-May-17,6075.00,6638.00,5988.00,6450.00,56546600
18-May-17,6000.00,6075.00,5925.00,6075.00,17782200
17-May-17,5988.00,6025.00,5900.00,6000.00,42443600
16-May-17,6062.00,6075.00,5975.00,5988.00,37959000
15-May-17,6050.00,6062.00,5975.00,6062.00,22853000
12-May-17,6088.00,6088.00,5975.00,6000.00,48632200
10-May-17,6050.00,6050.00,5962.00,6012.00,39210200
9-May-17,6025.00,6075.00,6000.00,6000.00,30491400
8-May-17,6050.00,6138.00,6025.00,6025.00,75287600
5-May-17,5875.00,6062.00,5875.00,5988.00,73424200
4-May-17,5812.00,5912.00,5812.00,5850.00,67035000
3-May-17,5825.00,5825.00,5750.00,5788.00,49909400
2-May-17,5850.00,5862.00,5838.00,5838.00,41527200
28-Apr-17,5838.00,5875.00,5825.00,5850.00,41873800
27-Apr-17,5850.00,5925.00,5850.00,5862.00,53191000
26-Apr-17,5850.00,6138.00,5850.00,5912.00,159925200
25-Apr-17,5788.00,5850.00,5738.00,5775.00,74604000
21-Apr-17,5788.00,5838.00,5700.00,5700.00,19164800
20-Apr-17,5850.00,5875.00,5725.00,5762.00,40739200
18-Apr-17,5850.00,5925.00,5812.00,5875.00,44684000
17-Apr-17,5850.00,5850.00,5762.00,5812.00,9576600
13-Apr-17,5900.00,5925.00,5750.00,5825.00,28097200
12-Apr-17,5838.00,5900.00,5838.00,5850.00,16280800
11-Apr-17,6000.00,6000.00,5850.00,5875.00,21556600
10-Apr-17,6112.00,6138.00,5975.00,6025.00,18318400
7-Apr-17,6150.00,6212.00,6100.00,6100.00,39917800
6-Apr-17,5950.00,6212.00,5912.00,6212.00,43707800
5-Apr-17,5925.00,5950.00,5862.00,5950.00,27515800
4-Apr-17,5825.00,5975.00,5825.00,5875.00,38704400
3-Apr-17,5900.00,5925.00,5800.00,5875.00,29482200
31-Mar-17,5875.00,5888.00,5850.00,5850.00,31992800
30-Mar-17,5888.00,5925.00,5812.00,5888.00,16080800
29-Mar-17,5950.00,5950.00,5838.00,5888.00,27829000
27-Mar-17,5900.00,5925.00,5850.00,5850.00,21688400
24-Mar-17,5988.00,5988.00,5875.00,5950.00,50811200
23-Mar-17,5925.00,6012.00,5925.00,5950.00,82475800
22-Mar-17,5775.00,5912.00,5738.00,5888.00,68933200
21-Mar-17,5925.00,5950.00,5875.00,5900.00,49325600
20-Mar-17,5862.00,5950.00,5812.00,5888.00,42059000
17-Mar-17,5825.00,5850.00,5775.00,5812.00,57905600
16-Mar-17,5788.00,5825.00,5762.00,5788.00,62068400
15-Mar-17,5750.00,5788.00,5688.00,5725.00,19391800
14-Mar-17,5650.00,5725.00,5650.00,5712.00,16208400
13-Mar-17,5600.00,5700.00,5600.00,5700.00,22957200
10-Mar-17,5700.00,5700.00,5662.00,5700.00,11372400
9-Mar-17,5625.00,5688.00,5625.00,5688.00,7149200
8-Mar-17,5688.00,5700.00,5662.00,5662.00,16685600
7-Mar-17,5600.00,5675.00,5600.00,5662.00,43411600
6-Mar-17,5675.00,5688.00,5612.00,5650.00,21289200
3-Mar-17,5625.00,5688.00,5600.00,5675.00,14665800
2-Mar-17,5688.00,5725.00,5662.00,5662.00,28741400
1-Mar-17,5700.00,5700.00,5612.00,5675.00,45578200
28-Feb-17,5650.00,5700.00,5600.00,5650.00,21722200
27-Feb-17,5588.00,5612.00,5588.00,5588.00,15198800
24-Feb-17,5638.00,5638.00,5550.00,5550.00,29579000
23-Feb-17,5575.00,5638.00,5575.00,5575.00,21926400
22-Feb-17,5625.00,5650.00,5550.00,5650.00,53118600
21-Feb-17,5650.00,5650.00,5550.00,5575.00,25004200
20-Feb-17,5600.00,5638.00,5550.00,5638.00,36095000
17-Feb-17,5600.00,5600.00,5500.00,5538.00,51612000
16-Feb-17,5650.00,5675.00,5450.00,5600.00,103889000
14-Feb-17,5725.00,5738.00,5675.00,5712.00,39872600
13-Feb-17,5788.00,5800.00,5712.00,5725.00,40698600
10-Feb-17,5800.00,5800.00,5675.00,5700.00,48270200
9-Feb-17,5700.00,5788.00,5700.00,5738.00,48922000
8-Feb-17,5675.00,5675.00,5588.00,5612.00,54827600
7-Feb-17,5688.00,5725.00,5662.00,5700.00,58859400
6-Feb-17,5575.00,5700.00,5575.00,5688.00,99007200
3-Feb-17,5538.00,5550.00,5500.00,5538.00,55658000
2-Feb-17,5488.00,5525.00,5475.00,5500.00,39805000
1-Feb-17,5488.00,5512.00,5462.00,5488.00,58622800
31-Jan-17,5488.00,5512.00,5450.00,5450.00,19027800
30-Jan-17,5525.00,5538.00,5488.00,5512.00,17720200
27-Jan-17,5488.00,5512.00,5475.00,5488.00,12087400
26-Jan-17,5475.00,5512.00,5450.00,5450.00,24723000
25-Jan-17,5500.00,5525.00,5488.00,5500.00,38275000
24-Jan-17,5500.00,5525.00,5475.00,5500.00,41637200
23-Jan-17,5450.00,5525.00,5450.00,5488.00,8345400
20-Jan-17,5525.00,5538.00,5475.00,5500.00,20003600
19-Jan-17,5550.00,5588.00,5500.00,5525.00,36372000
18-Jan-17,5500.00,5562.00,5475.00,5525.00,47343600
17-Jan-17,5450.00,5512.00,5450.00,5462.00,31022600
16-Jan-17,5625.00,5625.00,5450.00,5462.00,38814600
13-Jan-17,5738.00,5738.00,5550.00,5550.00,28114400
12-Jan-17,5700.00,5738.00,5650.00,5650.00,14568000
11-Jan-17,5712.00,5800.00,5688.00,5688.00,34363600
10-Jan-17,5688.00,5700.00,5625.00,5700.00,12402400
9-Jan-17,5712.00,5712.00,5612.00,5638.00,18174600
6-Jan-17,5675.00,5712.00,5638.00,5688.00,27168800
5-Jan-17,5600.00,5662.00,5575.00,5625.00,33277200
4-Jan-17,5650.00,5675.00,5562.00,5675.00,20555200
3-Jan-17,5788.00,5788.00,5600.00,5650.00,25206000
30-Dec-16,5788.00,5862.00,5675.00,5788.00,68069800
29-Dec-16,5600.00,5788.00,5550.00,5788.00,38975600
28-Dec-16,5475.00,5575.00,5438.00,5575.00,23728800
27-Dec-16,5388.00,5425.00,5375.00,5400.00,19325400
23-Dec-16,5375.00,5475.00,5362.00,5388.00,27285000
22-Dec-16,5375.00,5412.00,5350.00,5375.00,48561400
21-Dec-16,5375.00,5412.00,5375.00,5375.00,23134400
20-Dec-16,5375.00,5438.00,5375.00,5400.00,16760800
19-Dec-16,5375.00,5450.00,5375.00,5412.00,11594400
16-Dec-16,5400.00,5425.00,5375.00,5375.00,35022400
15-Dec-16,5350.00,5425.00,5300.00,5400.00,27609200
14-Dec-16,5438.00,5488.00,5400.00,5438.00,20126200
13-Dec-16,5462.00,5462.00,5375.00,5412.00,26011600
9-Dec-16,5400.00,5500.00,5400.00,5488.00,32367400
8-Dec-16,5388.00,5475.00,5362.00,5475.00,31417800
7-Dec-16,5325.00,5350.00,5312.00,5350.00,21146600
6-Dec-16,5400.00,5412.00,5288.00,5325.00,47887000
5-Dec-16,5300.00,5362.00,5300.00,5325.00,21555600
2-Dec-16,5325.00,5388.00,5250.00,5350.00,37306400
1-Dec-16,5250.00,5350.00,5250.00,5250.00,56418200
30-Nov-16,5200.00,5312.00,5200.00,5250.00,78813200
29-Nov-16,5075.00,5200.00,5075.00,5162.00,41518600
28-Nov-16,5075.00,5088.00,5012.00,5075.00,55713000
25-Nov-16,5088.00,5138.00,5012.00,5075.00,56497400
24-Nov-16,5350.00,5362.00,5012.00,5050.00,115392000
23-Nov-16,5388.00,5462.00,5350.00,5450.00,34578600
22-Nov-16,5350.00,5462.00,5350.00,5462.00,35937000
21-Nov-16,5350.00,5400.00,5338.00,5350.00,41338400
18-Nov-16,5475.00,5475.00,5375.00,5462.00,21402600
17-Nov-16,5438.00,5450.00,5338.00,5450.00,26122400
16-Nov-16,5300.00,5475.00,5300.00,5412.00,25946400
15-Nov-16,5200.00,5338.00,5162.00,5275.00,42468200
14-Nov-16,5350.00,5375.00,5025.00,5162.00,96965000
11-Nov-16,5562.00,5588.00,5425.00,5425.00,100075600
10-Nov-16,5800.00,5812.00,5712.00,5712.00,27385200
9-Nov-16,5825.00,5950.00,5625.00,5675.00,57292800
8-Nov-16,5725.00,5825.00,5712.00,5788.00,41031600
7-Nov-16,5650.00,5700.00,5562.00,5688.00,34949400
4-Nov-16,5500.00,5638.00,5475.00,5550.00,29366200
3-Nov-16,5725.00,5750.00,5575.00,5575.00,45884400
2-Nov-16,5712.00,5775.00,5712.00,5750.00,36200800
1-Nov-16,5738.00,5812.00,5712.00,5712.00,37035600
31-Oct-16,5700.00,5825.00,5700.00,5738.00,66365400
28-Oct-16,5700.00,5712.00,5662.00,5688.00,21755400
27-Oct-16,5538.00,5688.00,5538.00,5662.00,34668200
26-Oct-16,5512.00,5600.00,5412.00,5538.00,70990600
25-Oct-16,5612.00,5650.00,5575.00,5588.00,36891200
24-Oct-16,5612.00,5688.00,5600.00,5600.00,31725400
21-Oct-16,5700.00,5700.00,5612.00,5612.00,25189400
20-Oct-16,5700.00,5712.00,5650.00,5650.00,26822200
19-Oct-16,5688.00,5725.00,5662.00,5688.00,25728400
18-Oct-16,5725.00,5750.00,5700.00,5700.00,28454800
17-Oct-16,5625.00,5725.00,5625.00,5688.00,33521000
14-Oct-16,5525.00,5688.00,5512.00,5675.00,47128400
13-Oct-16,5512.00,5562.00,5438.00,5525.00,37368600
12-Oct-16,5375.00,5512.00,5375.00,5500.00,29374000
11-Oct-16,5462.00,5500.00,5400.00,5425.00,44661400
10-Oct-16,5488.00,5525.00,5450.00,5450.00,28145200
7-Oct-16,5412.00,5475.00,5412.00,5450.00,28843600
6-Oct-16,5500.00,5538.00,5438.00,5475.00,51681800
5-Oct-16,5562.00,5588.00,5488.00,5500.00,72747200
4-Oct-16,5638.00,5650.00,5588.00,5600.00,42299000
3-Oct-16,5662.00,5675.00,5575.00,5638.00,36428200
30-Sep-16,5675.00,5688.00,5575.00,5600.00,67017000
29-Sep-16,5662.00,5725.00,5662.00,5712.00,76689400
28-Sep-16,5725.00,5750.00,5600.00,5650.00,124102200
27-Sep-16,5825.00,5875.00,5700.00,5875.00,66423200
26-Sep-16,5800.00,5838.00,5712.00,5825.00,27251000
23-Sep-16,5825.00,5850.00,5738.00,5750.00,40007400
22-Sep-16,5750.00,5825.00,5712.00,5825.00,42214600
21-Sep-16,5612.00,5750.00,5588.00,5688.00,32028600
20-Sep-16,5650.00,5700.00,5625.00,5700.00,22696800
19-Sep-16,5588.00,5650.00,5562.00,5612.00,19587400
16-Sep-16,5550.00,5625.00,5500.00,5538.00,58232400
15-Sep-16,5362.00,5600.00,5300.00,5488.00,43624600
14-Sep-16,5262.00,5400.00,5262.00,5300.00,35116000
13-Sep-16,5338.00,5412.00,5250.00,5338.00,41540000
9-Sep-16,5550.00,5600.00,5412.00,5425.00,49997000
8-Sep-16,5588.00,5625.00,5562.00,5600.00,13536400
7-Sep-16,5562.00,5638.00,5562.00,5638.00,31803600
6-Sep-16,5550.00,5600.00,5512.00,5588.00,26650200
5-Sep-16,5650.00,5662.00,5588.00,5588.00,21664000
2-Sep-16,5438.00,5600.00,5438.00,5588.00,21308200
1-Sep-16,5550.00,5612.00,5525.00,5538.00,25032800
31-Aug-16,5550.00,5675.00,5550.00,5612.00,44721200
30-Aug-16,5550.00,5638.00,5525.00,5638.00,40049400
29-Aug-16,5600.00,5625.00,5525.00,5588.00,54532600
26-Aug-16,5775.00,5775.00,5650.00,5700.00,18745800
25-Aug-16,5675.00,5762.00,5675.00,5700.00,38301000
24-Aug-16,5675.00,5762.00,5662.00,5675.00,37971400
23-Aug-16,5725.00,5775.00,5600.00,5650.00,53390000
22-Aug-16,5712.00,5738.00,5650.00,5700.00,48468200
19-Aug-16,5712.00,5812.00,5675.00,5725.00,59268800
18-Aug-16,5675.00,5725.00,5662.00,5712.00,61187600
16-Aug-16,5600.00,5675.00,5575.00,5662.00,50847000
15-Aug-16,5512.00,5600.00,5450.00,5588.00,33494000
12-Aug-16,5625.00,5675.00,5438.00,5538.00,110896200
11-Aug-16,5725.00,5750.00,5525.00,5588.00,48085000
10-Aug-16,5825.00,5838.00,5738.00,5775.00,34379400
9-Aug-16,5825.00,5975.00,5825.00,5900.00,67610000
8-Aug-16,5750.00,5838.00,5725.00,5825.00,83615200
5-Aug-16,5312.00,5700.00,5300.00,5700.00,135517000
4-Aug-16,5212.00,5300.00,5212.00,5275.00,69182400
3-Aug-16,5325.00,5325.00,5200.00,5212.00,33408600
2-Aug-16,5325.00,5388.00,5275.00,5325.00,124227200
1-Aug-16,5112.00,5325.00,5100.00,5275.00,129522800
29-Jul-16,5050.00,5138.00,5025.00,5050.00,92460400
28-Jul-16,5062.00,5075.00,5000.00,5050.00,51927600
27-Jul-16,4938.00,5162.00,4938.00,5050.00,133910000
26-Jul-16,4938.00,4962.00,4900.00,4925.00,53249800
25-Jul-16,4975.00,5012.00,4912.00,4962.00,34929000
22-Jul-16,5088.00,5088.00,4950.00,4962.00,31564000
21-Jul-16,5212.00,5212.00,5012.00,5062.00,68076600
20-Jul-16,5050.00,5238.00,5050.00,5212.00,94903400
19-Jul-16,4825.00,5050.00,4800.00,5050.00,110775000
18-Jul-16,4800.00,4850.00,4788.00,4838.00,35264400
15-Jul-16,4812.00,4862.00,4800.00,4838.00,50568000
14-Jul-16,4912.00,4925.00,4800.00,4800.00,78008200
13-Jul-16,5088.00,5088.00,4925.00,4950.00,90453800
12-Jul-16,4888.00,5088.00,4888.00,5088.00,105069200
11-Jul-16,4700.00,4875.00,4700.00,4850.00,107142600
1-Jul-16,4750.00,4775.00,4662.00,4700.00,30369400
30-Jun-16,4825.00,4850.00,4750.00,4762.00,47203400
29-Jun-16,4750.00,4800.00,4738.00,4800.00,59573600
28-Jun-16,4500.00,4750.00,4462.00,4725.00,90113400
27-Jun-16,4500.00,4512.00,4462.00,4500.00,15030200
24-Jun-16,4575.00,4575.00,4425.00,4525.00,54378200
23-Jun-16,4500.00,4550.00,4500.00,4538.00,19786400
22-Jun-16,4525.00,4550.00,4500.00,4500.00,32275600
21-Jun-16,4575.00,4588.00,4500.00,4500.00,24164400
20-Jun-16,4550.00,4600.00,4475.00,4538.00,46127800
17-Jun-16,4500.00,4500.00,4438.00,4475.00,36042000
16-Jun-16,4512.00,4550.00,4450.00,4475.00,35381200
15-Jun-16,4475.00,4550.00,4462.00,4500.00,26729600
14-Jun-16,4512.00,4525.00,4450.00,4488.00,34501200
13-Jun-16,4600.00,4612.00,4512.00,4525.00,23988800
10-Jun-16,4662.00,4700.00,4625.00,4638.00,19002400
9-Jun-16,4675.00,4712.00,4638.00,4638.00,24592800
8-Jun-16,4662.00,4750.00,4662.00,4750.00,23821600
7-Jun-16,4688.00,4750.00,4662.00,4738.00,44889600
6-Jun-16,4575.00,4650.00,4562.00,4638.00,17993000
3-Jun-16,4650.00,4650.00,4538.00,4562.00,20779600
2-Jun-16,4600.00,4625.00,4562.00,4612.00,18872600
1-Jun-16,4500.00,4638.00,4500.00,4600.00,27394800
31-May-16,4638.00,4638.00,4512.00,4512.00,60650000
30-May-16,4562.00,4662.00,4550.00,4638.00,26166000
27-May-16,4450.00,4550.00,4450.00,4525.00,21166400
26-May-16,4538.00,4562.00,4462.00,4500.00,55261200
25-May-16,4488.00,4538.00,4475.00,4538.00,32591600
24-May-16,4438.00,4462.00,4412.00,4425.00,34259800
23-May-16,4388.00,4450.00,4375.00,4425.00,30323200
20-May-16,4475.00,4475.00,4338.00,4350.00,51471400
19-May-16,4425.00,4512.00,4412.00,4475.00,64069800
18-May-16,4350.00,4462.00,4325.00,4400.00,60239200
17-May-16,4425.00,4450.00,4338.00,4375.00,119180600
16-May-16,4550.00,4575.00,4488.00,4512.00,66047600
13-May-16,4700.00,4750.00,4575.00,4650.00,43373600
12-May-16,4838.00,4838.00,4725.00,4750.00,20142200
11-May-16,4750.00,4850.00,4738.00,4812.00,30709200
10-May-16,4650.00,4750.00,4625.00,4725.00,48041200
9-May-16,4800.00,4812.00,4575.00,4650.00,86876400
4-May-16,4888.00,4900.00,4800.00,4850.00,43003800
3-May-16,4850.00,4938.00,4825.00,4925.00,43966200
2-May-16,4812.00,4825.00,4700.00,4775.00,19955200
29-Apr-16,4838.00,4862.00,4775.00,4825.00,25995800
28-Apr-16,4825.00,4912.00,4812.00,4912.00,35210600
27-Apr-16,4700.00,4825.00,4688.00,4812.00,38709800
26-Apr-16,4800.00,4800.00,4638.00,4750.00,71861800
25-Apr-16,4975.00,4975.00,4762.00,4838.00,50225800
22-Apr-16,4900.00,5000.00,4900.00,4988.00,35299200
21-Apr-16,4900.00,4962.00,4875.00,4938.00,39487800
20-Apr-16,4850.00,4900.00,4800.00,4875.00,44055400
19-Apr-16,4850.00,4850.00,4738.00,4812.00,52461800
18-Apr-16,4625.00,4850.00,4625.00,4850.00,61204400
15-Apr-16,4825.00,4838.00,4600.00,4625.00,76153000
14-Apr-16,4825.00,4850.00,4788.00,4838.00,58808200
13-Apr-16,4825.00,4850.00,4762.00,4800.00,42423200
12-Apr-16,4762.00,4825.00,4725.00,4775.00,76966600
11-Apr-16,4900.00,4900.00,4738.00,4762.00,85220000
8-Apr-16,5025.00,5050.00,4888.00,4925.00,90524000
7-Apr-16,5225.00,5225.00,5075.00,5150.00,35053600
6-Apr-16,5225.00,5225.00,5138.00,5188.00,19957600
5-Apr-16,5100.00,5200.00,5075.00,5188.00,49730800
4-Apr-16,5050.00,5088.00,5038.00,5088.00,18424400
1-Apr-16,5112.00,5138.00,4962.00,5050.00,30355200
31-Mar-16,5175.00,5188.00,5100.00,5150.00,51931200
30-Mar-16,5050.00,5175.00,5025.00,5175.00,89220800
29-Mar-16,5038.00,5100.00,5000.00,5100.00,45446200
28-Mar-16,5088.00,5112.00,5012.00,5038.00,35577000
24-Mar-16,5100.00,5162.00,5100.00,5112.00,57742200
23-Mar-16,5162.00,5162.00,5100.00,5125.00,51846800
22-Mar-16,5100.00,5162.00,5088.00,5150.00,43812400
21-Mar-16,5050.00,5100.00,5050.00,5075.00,68682800
18-Mar-16,5088.00,5088.00,5000.00,5050.00,55003600
17-Mar-16,5125.00,5125.00,5000.00,5050.00,37638200
16-Mar-16,5100.00,5100.00,5000.00,5088.00,23400000
15-Mar-16,5125.00,5125.00,5075.00,5088.00,28778000
14-Mar-16,5050.00,5100.00,5050.00,5088.00,32954200
11-Mar-16,5088.00,5100.00,5025.00,5075.00,61495400
10-Mar-16,4900.00,5050.00,4900.00,5050.00,62003000
8-Mar-16,5000.00,5012.00,4950.00,5000.00,72688000
7-Mar-16,4925.00,5000.00,4900.00,4988.00,88233000
4-Mar-16,4850.00,4888.00,4812.00,4888.00,34879800
3-Mar-16,4850.00,4888.00,4800.00,4850.00,40406000
2-Mar-16,4775.00,4862.00,4750.00,4812.00,62772800
1-Mar-16,4738.00,4775.00,4688.00,4725.00,37785800
29-Feb-16,4738.00,4775.00,4688.00,4775.00,54685600
26-Feb-16,4688.00,4762.00,4688.00,4738.00,29771000
25-Feb-16,4700.00,4725.00,4625.00,4662.00,29990800
24-Feb-16,4675.00,4750.00,4638.00,4700.00,38199600
23-Feb-16,4625.00,4688.00,4588.00,4625.00,39469600
22-Feb-16,4612.00,4738.00,4612.00,4700.00,61012600
19-Feb-16,4738.00,4738.00,4600.00,4650.00,190829000
18-Feb-16,4888.00,4938.00,4850.00,4862.00,102818400
17-Feb-16,4862.00,4900.00,4838.00,4850.00,51784000
16-Feb-16,4912.00,4925.00,4862.00,4875.00,45085600
15-Feb-16,4900.00,4912.00,4862.00,4900.00,55207400
12-Feb-16,4950.00,4975.00,4825.00,4862.00,68214800
11-Feb-16,4912.00,5012.00,4912.00,5000.00,72082200
10-Feb-16,5000.00,5050.00,4900.00,4912.00,28063000
9-Feb-16,5100.00,5138.00,5025.00,5025.00,28131600
5-Feb-16,4800.00,5200.00,4800.00,5175.00,122032000
4-Feb-16,4738.00,4888.00,4700.00,4800.00,88108000
3-Feb-16,4700.00,4712.00,4675.00,4688.00,31014200
2-Feb-16,4788.00,4800.00,4700.00,4750.00,25317000
1-Feb-16,4800.00,4825.00,4688.00,4812.00,36809200
29-Jan-16,4750.00,4800.00,4712.00,4800.00,59442800
28-Jan-16,4775.00,4775.00,4712.00,4750.00,42375800
27-Jan-16,4775.00,4800.00,4725.00,4775.00,48930800
26-Jan-16,4725.00,4775.00,4712.00,4762.00,34352600
25-Jan-16,4700.00,4775.00,4688.00,4762.00,26433600
22-Jan-16,4650.00,4700.00,4638.00,4688.00,51159000
21-Jan-16,4662.00,4688.00,4625.00,4650.00,55558600
20-Jan-16,4662.00,4700.00,4650.00,4662.00,55759400
19-Jan-16,4612.00,4700.00,4612.00,4688.00,16945600
18-Jan-16,4625.00,4662.00,4625.00,4638.00,30809000
15-Jan-16,4675.00,4712.00,4638.00,4638.00,20817800
14-Jan-16,4550.00,4738.00,4550.00,4675.00,60422000
13-Jan-16,4638.00,4725.00,4600.00,4675.00,66099200
12-Jan-16,4600.00,4638.00,4550.00,4600.00,38923600
11-Jan-16,4550.00,4575.00,4500.00,4550.00,31487000
8-Jan-16,4550.00,4638.00,4550.00,4638.00,48554600
7-Jan-16,4575.00,4625.00,4550.00,4550.00,46098200
6-Jan-16,4725.00,4762.00,4675.00,4675.00,53073800
5-Jan-16,4625.00,4775.00,4625.00,4688.00,53076200
4-Jan-16,4600.00,4675.00,4538.00,4625.00,30333800
30-Dec-15,4562.00,4625.00,4550.00,4625.00,52195400
29-Dec-15,4538.00,4562.00,4538.00,4562.00,21776000
28-Dec-15,4350.00,4538.00,4350.00,4500.00,33354600
23-Dec-15,4425.00,4450.00,4375.00,4438.00,25856600
22-Dec-15,4462.00,4462.00,4400.00,4438.00,22458000
21-Dec-15,4362.00,4438.00,4362.00,4438.00,8455000
18-Dec-15,4488.00,4488.00,4362.00,4362.00,46546000
17-Dec-15,4575.00,4575.00,4488.00,4550.00,45149000
16-Dec-15,4425.00,4475.00,4375.00,4475.00,43595600
15-Dec-15,4338.00,4375.00,4288.00,4375.00,27614000
14-Dec-15,4250.00,4312.00,4225.00,4312.00,39284400
11-Dec-15,4462.00,4475.00,4375.00,4375.00,22992600
10-Dec-15,4400.00,4438.00,4375.00,4438.00,39517400
8-Dec-15,4500.00,4538.00,4450.00,4500.00,37611000
7-Dec-15,4425.00,4575.00,4412.00,4550.00,32642000
4-Dec-15,4400.00,4412.00,4350.00,4375.00,33281600
3-Dec-15,4425.00,4462.00,4400.00,4400.00,23085000
2-Dec-15,4462.00,4488.00,4425.00,4450.00,22533600
1-Dec-15,4375.00,4488.00,4375.00,4450.00,40615400
30-Nov-15,4450.00,4500.00,4250.00,4250.00,145563000
27-Nov-15,4612.00,4638.00,4488.00,4488.00,25275400
26-Nov-15,4488.00,4638.00,4450.00,4638.00,57428600
25-Nov-15,4362.00,4475.00,4350.00,4462.00,32824200
24-Nov-15,4300.00,4375.00,4300.00,4350.00,13218200
23-Nov-15,4362.00,4425.00,4362.00,4362.00,22977000
20-Nov-15,4325.00,4375.00,4288.00,4338.00,27399200
19-Nov-15,4350.00,4388.00,4338.00,4388.00,30891000
18-Nov-15,4350.00,4350.00,4275.00,4312.00,24835600
17-Nov-15,4262.00,4338.00,4262.00,4312.00,37557200
16-Nov-15,4225.00,4262.00,4175.00,4250.00,27491600
13-Nov-15,4150.00,4338.00,4138.00,4338.00,43033200
12-Nov-15,4088.00,4225.00,4088.00,4188.00,50740600
11-Nov-15,4162.00,4175.00,4075.00,4088.00,61456000
10-Nov-15,4262.00,4350.00,4200.00,4200.00,61066000
9-Nov-15,4400.00,4450.00,4350.00,4350.00,33002600
6-Nov-15,4450.00,4538.00,4450.00,4488.00,19917800
5-Nov-15,4562.00,4575.00,4450.00,4488.00,38344600
4-Nov-15,4438.00,4575.00,4438.00,4550.00,52179000
3-Nov-15,4350.00,4538.00,4350.00,4425.00,66937000
2-Nov-15,4338.00,4350.00,4200.00,4275.00,42203400
30-Oct-15,4412.00,4462.00,4350.00,4350.00,91534600
29-Oct-15,4700.00,4712.00,4475.00,4500.00,56772800
28-Oct-15,4762.00,4812.00,4725.00,4725.00,36263000
27-Oct-15,4750.00,4825.00,4712.00,4825.00,40242200
26-Oct-15,4750.00,4812.00,4738.00,4788.00,72643200
23-Oct-15,4675.00,4725.00,4600.00,4700.00,71204000
22-Oct-15,4638.00,4662.00,4588.00,4588.00,33198000
21-Oct-15,4562.00,4700.00,4562.00,4612.00,32771600
20-Oct-15,4575.00,4625.00,4512.00,4625.00,32531800
19-Oct-15,4475.00,4575.00,4475.00,4575.00,27426600
16-Oct-15,4450.00,4538.00,4450.00,4462.00,32888600
15-Oct-15,4475.00,4550.00,4425.00,4450.00,40296400
13-Oct-15,4562.00,4588.00,4475.00,4475.00,61868200
12-Oct-15,4500.00,4612.00,4500.00,4588.00,33246400
9-Oct-15,4525.00,4638.00,4512.00,4550.00,88744200
8-Oct-15,4462.00,4488.00,4400.00,4450.00,54463200
7-Oct-15,4500.00,4538.00,4350.00,4462.00,59054600
6-Oct-15,4150.00,4462.00,4150.00,4450.00,89953000
5-Oct-15,3925.00,4100.00,3900.00,4100.00,28161200
2-Oct-15,3988.00,4000.00,3838.00,3838.00,44634600
1-Oct-15,4000.00,4062.00,3962.00,3988.00,31816800
30-Sep-15,3925.00,4000.00,3912.00,3962.00,59189200
29-Sep-15,3650.00,3888.00,3575.00,3888.00,31979600
28-Sep-15,3862.00,3888.00,3762.00,3762.00,31689400
25-Sep-15,4000.00,4000.00,3862.00,3862.00,69404000
23-Sep-15,4250.00,4250.00,4012.00,4025.00,37873200
22-Sep-15,4300.00,4325.00,4288.00,4300.00,17138200
21-Sep-15,4325.00,4350.00,4300.00,4300.00,33387000
18-Sep-15,4350.00,4375.00,4312.00,4325.00,47307600
17-Sep-15,4312.00,4362.00,4300.00,4325.00,56196000
16-Sep-15,4350.00,4362.00,4300.00,4325.00,16127400
15-Sep-15,4312.00,4350.00,4300.00,4350.00,16312600
14-Sep-15,4350.00,4350.00,4300.00,4325.00,20536800
11-Sep-15,4350.00,4350.00,4325.00,4325.00,23444800
10-Sep-15,4325.00,4325.00,4275.00,4300.00,35479600
9-Sep-15,4438.00,4462.00,4300.00,4350.00,67700600
8-Sep-15,4375.00,4412.00,4350.00,4400.00,28706400
7-Sep-15,4400.00,4412.00,4350.00,4375.00,27176400
4-Sep-15,4400.00,4438.00,4362.00,4412.00,20548200
3-Sep-15,4425.00,4475.00,4388.00,4412.00,47572400
2-Sep-15,4350.00,4438.00,4300.00,4400.00,33174800
1-Sep-15,4500.00,4500.00,4338.00,4362.00,37098400
31-Aug-15,4488.00,4562.00,4475.00,4550.00,53809200
28-Aug-15,4600.00,4638.00,4488.00,4538.00,87197000
27-Aug-15,4375.00,4512.00,4350.00,4500.00,109648400
26-Aug-15,4250.00,4338.00,4175.00,4275.00,101184000
25-Aug-15,4100.00,4325.00,4100.00,4250.00,148392400
24-Aug-15,4138.00,4175.00,4062.00,4088.00,64544800
21-Aug-15,4250.00,4275.00,4200.00,4250.00,68057800
20-Aug-15,4300.00,4350.00,4262.00,4350.00,43783000
19-Aug-15,4400.00,4438.00,4312.00,4350.00,46020000
18-Aug-15,4475.00,4500.00,4375.00,4400.00,41622000
14-Aug-15,4550.00,4550.00,4475.00,4500.00,61264800
13-Aug-15,4438.00,4588.00,4425.00,4550.00,74166800
12-Aug-15,4500.00,4500.00,4262.00,4400.00,99942600
11-Aug-15,4812.00,4825.00,4562.00,4575.00,83154200
10-Aug-15,4875.00,4875.00,4725.00,4762.00,32393600
7-Aug-15,4888.00,4888.00,4812.00,4825.00,30417200
6-Aug-15,4950.00,5038.00,4875.00,4900.00,69251000
5-Aug-15,4800.00,4900.00,4762.00,4900.00,91440200
4-Aug-15,4850.00,4888.00,4738.00,4762.00,86029000
3-Aug-15,4700.00,4862.00,4700.00,4850.00,94851400
31-Jul-15,4750.00,4788.00,4662.00,4762.00,113092400
30-Jul-15,4800.00,4825.00,4725.00,4762.00,57716400
29-Jul-15,4725.00,4775.00,4688.00,4750.00,55629800
28-Jul-15,4688.00,4712.00,4638.00,4688.00,53882200
27-Jul-15,4988.00,5025.00,4762.00,4775.00,69564000
24-Jul-15,5025.00,5050.00,4975.00,5000.00,50590600
23-Jul-15,5150.00,5188.00,5050.00,5050.00,40172200
22-Jul-15,5100.00,5200.00,5062.00,5200.00,73339200
15-Jul-15,5088.00,5088.00,4975.00,5000.00,29233000
14-Jul-15,5050.00,5100.00,5038.00,5062.00,46691000
13-Jul-15,5000.00,5038.00,4988.00,5025.00,60810400
10-Jul-15,4988.00,5025.00,4975.00,5000.00,46530600
9-Jul-15,4950.00,5000.00,4912.00,4950.00,33912400
8-Jul-15,5000.00,5025.00,4950.00,4975.00,34046000
7-Jul-15,5025.00,5075.00,5000.00,5075.00,38422400
6-Jul-15,5012.00,5050.00,4950.00,4962.00,20481200
3-Jul-15,5062.00,5100.00,5000.00,5088.00,22156000
2-Jul-15,4950.00,5075.00,4950.00,5038.00,44094800
1-Jul-15,5062.00,5062.00,4988.00,5000.00,34169400
30-Jun-15,5062.00,5088.00,4975.00,5025.00,33188800
29-Jun-15,4975.00,5025.00,4950.00,5012.00,25836800
26-Jun-15,5038.00,5075.00,4962.00,5050.00,21494000
25-Jun-15,4975.00,5088.00,4938.00,5000.00,63653200
24-Jun-15,5050.00,5125.00,4912.00,4950.00,68400000
23-Jun-15,5000.00,5038.00,4938.00,5025.00,57669000
22-Jun-15,5038.00,5050.00,4962.00,4988.00,25706000
19-Jun-15,4950.00,5025.00,4925.00,5000.00,69730200
18-Jun-15,4950.00,4988.00,4825.00,4838.00,58094600
17-Jun-15,4825.00,4975.00,4825.00,4912.00,85354400
16-Jun-15,4750.00,4838.00,4675.00,4775.00,46701400
15-Jun-15,4900.00,4925.00,4712.00,4712.00,46010000
12-Jun-15,4850.00,4988.00,4838.00,4950.00,54092000
11-Jun-15,4975.00,5000.00,4812.00,4838.00,53028600
10-Jun-15,4975.00,5038.00,4862.00,4938.00,55307800
9-Jun-15,5050.00,5050.00,4850.00,4975.00,98202600
8-Jun-15,5288.00,5312.00,5125.00,5150.00,48959000
5-Jun-15,5262.00,5338.00,5225.00,5338.00,33965400
4-Jun-15,5262.00,5300.00,5200.00,5262.00,50095200
3-Jun-15,5312.00,5350.00,5225.00,5275.00,72964200
1-Jun-15,5400.00,5412.00,5300.00,5350.00,58122600
29-May-15,5375.00,5412.00,5362.00,5388.00,79205800
28-May-15,5512.00,5550.00,5375.00,5400.00,80275800
27-May-15,5500.00,5600.00,5500.00,5500.00,49311000
26-May-15,5575.00,5650.00,5562.00,5562.00,44223000
25-May-15,5625.00,5650.00,5562.00,5575.00,50011800
22-May-15,5850.00,5862.00,5675.00,5712.00,41576000
21-May-15,5675.00,5825.00,5625.00,5812.00,60450800
20-May-15,5650.00,5675.00,5588.00,5638.00,37371600
19-May-15,5550.00,5612.00,5525.00,5600.00,33096000
18-May-15,5475.00,5575.00,5475.00,5550.00,53461000
15-May-15,5600.00,5612.00,5462.00,5475.00,51253800
13-May-15,5575.00,5650.00,5575.00,5625.00,69074200
12-May-15,5588.00,5675.00,5562.00,5638.00,48095600
11-May-15,5588.00,5650.00,5562.00,5562.00,17177400
8-May-15,5662.00,5675.00,5562.00,5588.00,25627400
7-May-15,5562.00,5675.00,5525.00,5588.00,55562000
6-May-15,5512.00,5700.00,5512.00,5700.00,64014600
5-May-15,5600.00,5688.00,5562.00,5612.00,76758200
4-May-15,5388.00,5650.00,5350.00,5588.00,94828800
30-Apr-15,5288.00,5400.00,5238.00,5375.00,97794800
29-Apr-15,5450.00,5475.00,5175.00,5275.00,158261600
28-Apr-15,5450.00,5488.00,5325.00,5450.00,139934000
27-Apr-15,5900.00,5900.00,5550.00,5625.00,154415400
24-Apr-15,6012.00,6038.00,5950.00,5950.00,26768200
23-Apr-15,5988.00,6025.00,5975.00,6000.00,32078600
22-Apr-15,6075.00,6075.00,6012.00,6012.00,22375200
21-Apr-15,6050.00,6075.00,6025.00,6075.00,34654600
20-Apr-15,6000.00,6038.00,5950.00,6038.00,22244400
17-Apr-15,6038.00,6038.00,5962.00,6000.00,20375600
16-Apr-15,6050.00,6050.00,5988.00,6000.00,27783400
15-Apr-15,5950.00,6025.00,5912.00,6025.00,23970200
14-Apr-15,5950.00,6000.00,5888.00,5925.00,52074400
13-Apr-15,6012.00,6025.00,5975.00,6025.00,40143200
10-Apr-15,6012.00,6025.00,5988.00,6000.00,26395400
9-Apr-15,6038.00,6038.00,5975.00,6000.00,31330400
8-Apr-15,6100.00,6100.00,5988.00,6038.00,56715400
7-Apr-15,6100.00,6100.00,6038.00,6088.00,47828800
6-Apr-15,6150.00,6162.00,6050.00,6088.00,32152200
2-Apr-15,6175.00,6188.00,6012.00,6138.00,28368800
1-Apr-15,6238.00,6275.00,6050.00,6138.00,55345000
31-Mar-15,6162.00,6238.00,6125.00,6238.00,41728000
30-Mar-15,6025.00,6150.00,6000.00,6050.00,37911400
27-Mar-15,5950.00,6012.00,5925.00,5975.00,30227800
26-Mar-15,6012.00,6075.00,5975.00,6025.00,24745800
25-Mar-15,6025.00,6088.00,6000.00,6012.00,29704800
24-Mar-15,6075.00,6112.00,6025.00,6038.00,29617200
23-Mar-15,6138.00,6138.00,6088.00,6088.00,18412800
20-Mar-15,6050.00,6150.00,6038.00,6100.00,41523000
19-Mar-15,6050.00,6100.00,6000.00,6100.00,37214200
18-Mar-15,5925.00,6000.00,5925.00,5975.00,27186200
17-Mar-15,6025.00,6038.00,5962.00,5988.00,25842400
16-Mar-15,5950.00,6038.00,5925.00,6000.00,27144000
13-Mar-15,5988.00,6025.00,5900.00,5950.00,34045000
12-Mar-15,5925.00,6012.00,5925.00,5950.00,22548200
11-Mar-15,5950.00,6012.00,5925.00,5938.00,49192200
10-Mar-15,5912.00,6038.00,5875.00,6012.00,34836400
9-Mar-15,6000.00,6012.00,5875.00,5900.00,52523000
6-Mar-15,5950.00,6050.00,5925.00,6050.00,38944200
5-Mar-15,5988.00,5988.00,5900.00,5912.00,33806400
4-Mar-15,5938.00,5975.00,5912.00,5925.00,23613000
3-Mar-15,6050.00,6050.00,5950.00,5950.00,28841200
2-Mar-15,5950.00,6012.00,5950.00,6000.00,48425800
27-Feb-15,5950.00,6038.00,5900.00,6000.00,42734000
26-Feb-15,5900.00,5950.00,5900.00,5938.00,38164400
25-Feb-15,5950.00,5962.00,5925.00,5950.00,31479400
24-Feb-15,5900.00,5975.00,5888.00,5938.00,40811400
23-Feb-15,5950.00,6025.00,5912.00,5938.00,59217000
20-Feb-15,5988.00,6100.00,5988.00,6038.00,37494800
18-Feb-15,6000.00,6150.00,5938.00,5962.00,83619000
17-Feb-15,5888.00,5925.00,5825.00,5850.00,14266400
16-Feb-15,5950.00,5975.00,5875.00,5888.00,42858400
13-Feb-15,5938.00,5975.00,5925.00,5950.00,42330400
12-Feb-15,5962.00,5988.00,5875.00,5888.00,49420800
11-Feb-15,5912.00,5962.00,5850.00,5875.00,61743800
10-Feb-15,5800.00,5850.00,5775.00,5812.00,39897000
9-Feb-15,5700.00,5912.00,5700.00,5850.00,64418000
6-Feb-15,5675.00,5738.00,5650.00,5675.00,53626800
5-Feb-15,5662.00,5675.00,5612.00,5625.00,55635600
4-Feb-15,5700.00,5725.00,5600.00,5688.00,67902000
3-Feb-15,5675.00,5688.00,5638.00,5675.00,39798800
2-Feb-15,5500.00,5650.00,5475.00,5625.00,53836200
30-Jan-15,5562.00,5625.00,5500.00,5500.00,49097600
29-Jan-15,5475.00,5512.00,5462.00,5488.00,24263200
28-Jan-15,5575.00,5588.00,5488.00,5488.00,32345800
27-Jan-15,5500.00,5562.00,5500.00,5538.00,34670000
26-Jan-15,5575.00,5600.00,5450.00,5550.00,75416400
23-Jan-15,5538.00,5688.00,5538.00,5688.00,67392800
22-Jan-15,5488.00,5512.00,5438.00,5500.00,35632800
21-Jan-15,5375.00,5488.00,5325.00,5488.00,37474000
20-Jan-15,5338.00,5375.00,5300.00,5375.00,73495200
19-Jan-15,5325.00,5450.00,5325.00,5362.00,50003000
16-Jan-15,5375.00,5438.00,5350.00,5350.00,47734600
15-Jan-15,5475.00,5475.00,5375.00,5450.00,51344800
14-Jan-15,5412.00,5500.00,5362.00,5362.00,29776400
13-Jan-15,5438.00,5438.00,5312.00,5375.00,40180400
12-Jan-15,5512.00,5562.00,5412.00,5412.00,26563400
9-Jan-15,5500.00,5612.00,5475.00,5562.00,85412400
8-Jan-15,5450.00,5488.00,5438.00,5475.00,31824800
7-Jan-15,5375.00,5425.00,5362.00,5425.00,25122200
6-Jan-15,5375.00,5412.00,5338.00,5362.00,29300000
5-Jan-15,5425.00,5425.00,5375.00,5400.00,16681600
2-Jan-15,5388.00,5425.00,5375.00,5412.00,42273400
30-Dec-14,5338.00,5400.00,5338.00,5388.00,24296000
29-Dec-14,5350.00,5388.00,5312.00,5362.00,14068000
24-Dec-14,5338.00,5362.00,5325.00,5350.00,17522600
23-Dec-14,5350.00,5362.00,5300.00,5300.00,15970400
22-Dec-14,5350.00,5375.00,5312.00,5312.00,16315200
19-Dec-14,5375.00,5375.00,5312.00,5325.00,46768400
18-Dec-14,5375.00,5388.00,5300.00,5325.00,47559800
17-Dec-14,5100.00,5325.00,5062.00,5300.00,48632000
16-Dec-14,5225.00,5225.00,5088.00,5112.00,102552800
15-Dec-14,5300.00,5325.00,5250.00,5262.00,45014800
12-Dec-14,5350.00,5438.00,5350.00,5375.00,37773400
11-Dec-14,5288.00,5400.00,5288.00,5362.00,32956600
10-Dec-14,5300.00,5400.00,5275.00,5388.00,33822400
9-Dec-14,5262.00,5325.00,5250.00,5262.00,21605000
8-Dec-14,5375.00,5388.00,5238.00,5275.00,34510400
5-Dec-14,5362.00,5388.00,5325.00,5325.00,20161200
4-Dec-14,5350.00,5375.00,5300.00,5312.00,21117800
3-Dec-14,5375.00,5388.00,5338.00,5350.00,25231800
2-Dec-14,5325.00,5400.00,5312.00,5375.00,69826200
1-Dec-14,5275.00,5325.00,5262.00,5312.00,36879600
28-Nov-14,5225.00,5275.00,5225.00,5262.00,22123000
27-Nov-14,5225.00,5262.00,5225.00,5238.00,20451800
26-Nov-14,5238.00,5275.00,5238.00,5262.00,23272600
25-Nov-14,5250.00,5288.00,5225.00,5225.00,45305800
24-Nov-14,5275.00,5275.00,5225.00,5250.00,33344200
21-Nov-14,5225.00,5250.00,5175.00,5188.00,27378200
20-Nov-14,5250.00,5262.00,5212.00,5225.00,20773000
19-Nov-14,5262.00,5312.00,5238.00,5262.00,42311400
18-Nov-14,5300.00,5325.00,5225.00,5250.00,43067800
17-Nov-14,5275.00,5288.00,5238.00,5238.00,35605000
14-Nov-14,5188.00,5275.00,5188.00,5250.00,20372400
13-Nov-14,5200.00,5262.00,5162.00,5212.00,31560600
12-Nov-14,5300.00,5362.00,5262.00,5275.00,49334800
11-Nov-14,5150.00,5312.00,5150.00,5262.00,52357200
10-Nov-14,5162.00,5162.00,5125.00,5150.00,29467800
7-Nov-14,5250.00,5250.00,5050.00,5088.00,25580400
6-Nov-14,5250.00,5250.00,5162.00,5162.00,41527400
5-Nov-14,5250.00,5250.00,5150.00,5212.00,20574800
4-Nov-14,5212.00,5262.00,5175.00,5250.00,47523400
3-Nov-14,5200.00,5212.00,5125.00,5188.00,22239800
31-Oct-14,5112.00,5175.00,5100.00,5175.00,35621400
30-Oct-14,5100.00,5100.00,5038.00,5100.00,27174600
29-Oct-14,5025.00,5088.00,5012.00,5088.00,43798800
28-Oct-14,4975.00,5025.00,4962.00,5000.00,23186200
27-Oct-14,5075.00,5088.00,4975.00,4988.00,33997000
24-Oct-14,5100.00,5112.00,5012.00,5050.00,40671200
23-Oct-14,5025.00,5100.00,5025.00,5088.00,36221200
22-Oct-14,5050.00,5062.00,5000.00,5050.00,33497400
21-Oct-14,5062.00,5075.00,4975.00,5012.00,33325600
20-Oct-14,5038.00,5100.00,4988.00,5062.00,76128200
17-Oct-14,4825.00,5050.00,4825.00,4962.00,98620200
16-Oct-14,4750.00,4850.00,4750.00,4825.00,39338800
15-Oct-14,4812.00,4850.00,4750.00,4825.00,44761800
14-Oct-14,4662.00,4762.00,4650.00,4725.00,48030800
13-Oct-14,4688.00,4738.00,4662.00,4700.00,63680200
10-Oct-14,4688.00,4775.00,4675.00,4775.00,50708800
9-Oct-14,4788.00,4838.00,4775.00,4775.00,37656200
8-Oct-14,4825.00,4850.00,4725.00,4750.00,124022600
7-Oct-14,4912.00,4950.00,4862.00,4875.00,54083000
6-Oct-14,4850.00,4925.00,4825.00,4912.00,48622400
3-Oct-14,4950.00,4988.00,4775.00,4825.00,82718400
2-Oct-14,5050.00,5088.00,4950.00,4950.00,71843200
1-Oct-14,5038.00,5188.00,5038.00,5050.00,44705600
30-Sep-14,5000.00,5088.00,5000.00,5038.00,61399200
29-Sep-14,5012.00,5050.00,4912.00,5038.00,77648400
26-Sep-14,5100.00,5100.00,5012.00,5025.00,125389400
25-Sep-14,5312.00,5325.00,5162.00,5262.00,79121600
24-Sep-14,5300.00,5325.00,5275.00,5275.00,22052600
23-Sep-14,5312.00,5350.00,5288.00,5350.00,47538200
22-Sep-14,5288.00,5325.00,5238.00,5325.00,53771600
19-Sep-14,5250.00,5300.00,5212.00,5262.00,52887800
18-Sep-14,5162.00,5225.00,5150.00,5212.00,24907000
17-Sep-14,5088.00,5175.00,5088.00,5138.00,26538800
16-Sep-14,5075.00,5112.00,5062.00,5075.00,37691400
15-Sep-14,5038.00,5125.00,5025.00,5112.00,44087400
12-Sep-14,5125.00,5188.00,5100.00,5100.00,64862800
11-Sep-14,5225.00,5250.00,5188.00,5200.00,56972800
10-Sep-14,5250.00,5250.00,5188.00,5225.00,41133000
9-Sep-14,5262.00,5275.00,5225.00,5238.00,14412000
8-Sep-14,5288.00,5325.00,5225.00,5275.00,28943600
5-Sep-14,5300.00,5300.00,5225.00,5238.00,22282400
4-Sep-14,5288.00,5300.00,5250.00,5275.00,28220400
3-Sep-14,5250.00,5288.00,5250.00,5275.00,33114000
2-Sep-14,5262.00,5275.00,5250.00,5250.00,27304000
1-Sep-14,5212.00,5250.00,5188.00,5250.00,12314600
29-Aug-14,5262.00,5275.00,5188.00,5188.00,36605400
28-Aug-14,5288.00,5288.00,5225.00,5262.00,17504200
27-Aug-14,5250.00,5288.00,5250.00,5275.00,31113200
26-Aug-14,5300.00,5300.00,5225.00,5238.00,27126000
25-Aug-14,5262.00,5300.00,5225.00,5288.00,27126200
22-Aug-14,5312.00,5325.00,5238.00,5262.00,42953200
21-Aug-14,5300.00,5312.00,5250.00,5275.00,52810800
20-Aug-14,5275.00,5288.00,5262.00,5275.00,41468200
19-Aug-14,5275.00,5275.00,5238.00,5262.00,47408200
18-Aug-14,5250.00,5262.00,5212.00,5238.00,49347200
15-Aug-14,5238.00,5250.00,5212.00,5225.00,11680800
14-Aug-14,5238.00,5262.00,5225.00,5238.00,36502200
13-Aug-14,5175.00,5250.00,5175.00,5250.00,26004000
12-Aug-14,5275.00,5275.00,5212.00,5250.00,64827800
11-Aug-14,5162.00,5250.00,5138.00,5238.00,33936800
8-Aug-14,5075.00,5112.00,5075.00,5100.00,29990400
7-Aug-14,5112.00,5125.00,5025.00,5100.00,47151200
6-Aug-14,5138.00,5175.00,5112.00,5138.00,44074400
5-Aug-14,5138.00,5200.00,5088.00,5200.00,36877000
4-Aug-14,5112.00,5138.00,5012.00,5138.00,77244600
25-Jul-14,5150.00,5175.00,5075.00,5125.00,77769800
24-Jul-14,5250.00,5262.00,5188.00,5225.00,55849600
23-Jul-14,5325.00,5325.00,5225.00,5250.00,28204200
22-Jul-14,5362.00,5362.00,5200.00,5238.00,116065400
21-Jul-14,5350.00,5375.00,5300.00,5325.00,63953600
18-Jul-14,5262.00,5350.00,5250.00,5312.00,47874000
17-Jul-14,5300.00,5338.00,5262.00,5312.00,53502400
16-Jul-14,5300.00,5350.00,5275.00,5300.00,54505400
15-Jul-14,5262.00,5288.00,5238.00,5275.00,68520000
14-Jul-14,5250.00,5262.00,5175.00,5250.00,59394000
11-Jul-14,5200.00,5250.00,5138.00,5250.00,93379400
10-Jul-14,5350.00,5500.00,5188.00,5238.00,400761600
8-Jul-14,4988.00,5112.00,4988.00,5075.00,204360200
7-Jul-14,4862.00,4962.00,4862.00,4962.00,127922800
4-Jul-14,4850.00,4875.00,4825.00,4838.00,35111400
3-Jul-14,4912.00,4938.00,4812.00,4825.00,88912000
2-Jul-14,4925.00,4938.00,4888.00,4925.00,53997200
1-Jul-14,4862.00,4925.00,4850.00,4912.00,33658600
30-Jun-14,4812.00,4862.00,4812.00,4862.00,40406400
27-Jun-14,4925.00,4925.00,4812.00,4825.00,66510200
26-Jun-14,4900.00,4950.00,4875.00,4925.00,74561800
25-Jun-14,4875.00,4912.00,4850.00,4875.00,51795200
24-Jun-14,4875.00,4912.00,4862.00,4888.00,31016200
23-Jun-14,4938.00,4938.00,4862.00,4875.00,46292000
20-Jun-14,4938.00,4938.00,4888.00,4900.00,33737400
19-Jun-14,4962.00,4962.00,4888.00,4900.00,52515000
18-Jun-14,4950.00,4962.00,4925.00,4938.00,43938000
17-Jun-14,4950.00,4962.00,4888.00,4950.00,30146800
16-Jun-14,4925.00,4962.00,4875.00,4925.00,30875600
13-Jun-14,4925.00,4975.00,4925.00,4962.00,41020600
12-Jun-14,4975.00,4988.00,4925.00,4962.00,52465400
11-Jun-14,4962.00,4988.00,4925.00,4975.00,49054000
10-Jun-14,4912.00,4988.00,4912.00,4988.00,74166600
9-Jun-14,5088.00,5088.00,4875.00,4900.00,67257600
6-Jun-14,5038.00,5088.00,5012.00,5038.00,53975600
5-Jun-14,5100.00,5100.00,5012.00,5100.00,33131800
4-Jun-14,5112.00,5112.00,5050.00,5075.00,53374800
3-Jun-14,5100.00,5112.00,5038.00,5100.00,63061800
2-Jun-14,5100.00,5125.00,5062.00,5100.00,38438400
30-May-14,5188.00,5188.00,5025.00,5088.00,123589200
28-May-14,5162.00,5200.00,5138.00,5188.00,39847000
26-May-14,5212.00,5225.00,5112.00,5162.00,17873000
23-May-14,5212.00,5212.00,5150.00,5188.00,25619200
22-May-14,5112.00,5212.00,5100.00,5188.00,53200200
21-May-14,5025.00,5100.00,5012.00,5075.00,34522600
20-May-14,5325.00,5325.00,5000.00,5050.00,105247600
19-May-14,5375.00,5412.00,5212.00,5312.00,112993400
16-May-14,5150.00,5300.00,5138.00,5300.00,101132400
14-May-14,5050.00,5175.00,5038.00,5162.00,109904200
13-May-14,5038.00,5038.00,5000.00,5038.00,30532800
12-May-14,5050.00,5050.00,4988.00,4988.00,35320600
9-May-14,5050.00,5050.00,4975.00,5038.00,24478000
8-May-14,5012.00,5025.00,4975.00,5012.00,21613600
7-May-14,4925.00,5000.00,4925.00,4988.00,41173200
6-May-14,4950.00,4950.00,4912.00,4938.00,10895800
5-May-14,4938.00,4975.00,4888.00,4925.00,28007200
2-May-14,4950.00,4988.00,4925.00,4938.00,43128600
30-Apr-14,4900.00,4925.00,4888.00,4912.00,46621200
29-Apr-14,4950.00,4950.00,4862.00,4900.00,23304400
28-Apr-14,5000.00,5000.00,4862.00,4875.00,58042200
25-Apr-14,4938.00,5000.00,4925.00,4950.00,35852000
24-Apr-14,4912.00,4950.00,4900.00,4938.00,34699000
23-Apr-14,4925.00,4975.00,4912.00,4950.00,40151600
22-Apr-14,4938.00,4962.00,4862.00,4925.00,57521000
21-Apr-14,4938.00,4938.00,4900.00,4912.00,19363600
17-Apr-14,5038.00,5050.00,4888.00,4925.00,73539400
16-Apr-14,4912.00,5012.00,4900.00,4988.00,53459400
15-Apr-14,4900.00,4912.00,4875.00,4875.00,38165800
14-Apr-14,4838.00,4888.00,4838.00,4875.00,71226600
11-Apr-14,4800.00,4900.00,4775.00,4850.00,92215200
10-Apr-14,4775.00,4875.00,4762.00,4825.00,225289600
8-Apr-14,5150.00,5150.00,5075.00,5125.00,47576000
7-Apr-14,5062.00,5138.00,5025.00,5125.00,67813600
4-Apr-14,5162.00,5175.00,5012.00,5062.00,48401600
3-Apr-14,5100.00,5150.00,5050.00,5150.00,78555600
2-Apr-14,5000.00,5100.00,4988.00,5075.00,89498000
1-Apr-14,4788.00,4975.00,4788.00,4975.00,134063800
28-Mar-14,4762.00,4800.00,4700.00,4725.00,188095800
27-Mar-14,4700.00,4775.00,4700.00,4700.00,52875400
26-Mar-14,4788.00,4838.00,4750.00,4788.00,63833800
25-Mar-14,4725.00,4762.00,4712.00,4762.00,39928800
24-Mar-14,4750.00,4788.00,4700.00,4750.00,54240400
21-Mar-14,4712.00,4750.00,4662.00,4688.00,75801600
20-Mar-14,4875.00,4875.00,4662.00,4675.00,118780200
19-Mar-14,4862.00,4925.00,4850.00,4888.00,64279600
18-Mar-14,4950.00,5000.00,4862.00,4862.00,65934600
17-Mar-14,5000.00,5075.00,4862.00,4988.00,113433800
14-Mar-14,4600.00,5125.00,4575.00,5075.00,189744400
13-Mar-14,4600.00,4650.00,4600.00,4650.00,35606400
12-Mar-14,4612.00,4675.00,4588.00,4612.00,39419000
11-Mar-14,4625.00,4700.00,4600.00,4688.00,61392000
10-Mar-14,4688.00,4688.00,4550.00,4600.00,42990000
7-Mar-14,4750.00,4750.00,4612.00,4625.00,34027000
6-Mar-14,4738.00,4738.00,4688.00,4700.00,47521400
5-Mar-14,4600.00,4700.00,4588.00,4700.00,94797000
4-Mar-14,4550.00,4600.00,4512.00,4562.00,68612600
3-Mar-14,4500.00,4550.00,4500.00,4550.00,64393200
28-Feb-14,4525.00,4562.00,4475.00,4550.00,65385000
27-Feb-14,4475.00,4538.00,4462.00,4500.00,44632600
26-Feb-14,4500.00,4550.00,4412.00,4475.00,111331600
25-Feb-14,4750.00,4750.00,4512.00,4525.00,62604200
24-Feb-14,4750.00,4825.00,4688.00,4700.00,73941600
21-Feb-14,4625.00,4712.00,4612.00,4712.00,97978400
20-Feb-14,4550.00,4638.00,4550.00,4612.00,73502200
19-Feb-14,4562.00,4600.00,4525.00,4562.00,84299000
18-Feb-14,4575.00,4588.00,4525.00,4562.00,57206400
17-Feb-14,4538.00,4588.00,4525.00,4575.00,80391000
14-Feb-14,4500.00,4525.00,4475.00,4512.00,53631000
13-Feb-14,4500.00,4500.00,4462.00,4500.00,29648000
12-Feb-14,4538.00,4550.00,4438.00,4488.00,65915800
11-Feb-14,4438.00,4525.00,4425.00,4475.00,103057600
10-Feb-14,4425.00,4462.00,4375.00,4375.00,36224400
7-Feb-14,4338.00,4425.00,4325.00,4388.00,50868600
6-Feb-14,4325.00,4325.00,4250.00,4312.00,35240800
5-Feb-14,4325.00,4325.00,4250.00,4300.00,42363200
4-Feb-14,4200.00,4312.00,4200.00,4262.00,47622400
3-Feb-14,4412.00,4412.00,4275.00,4350.00,54107000
30-Jan-14,4225.00,4350.00,4188.00,4350.00,66288600
29-Jan-14,4175.00,4375.00,4150.00,4350.00,95131400
28-Jan-14,4125.00,4175.00,4075.00,4138.00,82056400
27-Jan-14,4125.00,4200.00,4075.00,4150.00,105379600
24-Jan-14,4438.00,4450.00,4312.00,4338.00,54864200
23-Jan-14,4500.00,4538.00,4438.00,4438.00,54933400
22-Jan-14,4400.00,4488.00,4362.00,4475.00,55428600
21-Jan-14,4400.00,4412.00,4375.00,4388.00,29862800
20-Jan-14,4400.00,4400.00,4338.00,4375.00,13585800
17-Jan-14,4312.00,4400.00,4312.00,4375.00,29175000
16-Jan-14,4438.00,4450.00,4312.00,4312.00,38494000
15-Jan-14,4412.00,4762.00,4362.00,4400.00,110125000
13-Jan-14,4250.00,4400.00,4238.00,4400.00,114391800
10-Jan-14,3900.00,4188.00,3900.00,4125.00,76973600
9-Jan-14,3912.00,3962.00,3850.00,3900.00,35603600
8-Jan-14,3850.00,3925.00,3825.00,3912.00,29977000
7-Jan-14,3825.00,3862.00,3800.00,3812.00,40584600
6-Jan-14,3900.00,3925.00,3800.00,3825.00,25837400
3-Jan-14,4025.00,4050.00,3875.00,3900.00,52897000
2-Jan-14,3950.00,4050.00,3925.00,4050.00,31992000
30-Dec-13,3875.00,3925.00,3850.00,3925.00,38922000
27-Dec-13,3900.00,3925.00,3825.00,3825.00,41653000
24-Dec-13,3950.00,3950.00,3875.00,3900.00,11345000
23-Dec-13,3950.00,3975.00,3900.00,3925.00,27947000
20-Dec-13,3900.00,4000.00,3900.00,4000.00,27118000
19-Dec-13,3900.00,4000.00,3900.00,3975.00,40822000
18-Dec-13,3875.00,3925.00,3825.00,3850.00,38436000
17-Dec-13,3800.00,3925.00,3775.00,3925.00,30785000
16-Dec-13,3750.00,3800.00,3725.00,3750.00,23959000
13-Dec-13,3825.00,3875.00,3800.00,3850.00,29862000
12-Dec-13,3850.00,3925.00,3825.00,3825.00,22155000
11-Dec-13,3950.00,3950.00,3850.00,3900.00,20796000
10-Dec-13,3825.00,3925.00,3800.00,3925.00,45527000
9-Dec-13,3750.00,3825.00,3725.00,3825.00,61361000
6-Dec-13,3800.00,3800.00,3650.00,3650.00,51509000
5-Dec-13,3825.00,3850.00,3750.00,3800.00,36425000
4-Dec-13,3850.00,3900.00,3825.00,3825.00,28992000
3-Dec-13,3900.00,3925.00,3850.00,3925.00,33981000
2-Dec-13,3850.00,3925.00,3825.00,3850.00,33776000
29-Nov-13,3750.00,3850.00,3750.00,3825.00,37610000
28-Nov-13,3800.00,3825.00,3725.00,3750.00,32103000
27-Nov-13,3825.00,3875.00,3725.00,3775.00,74219000
26-Nov-13,3925.00,3925.00,3825.00,3850.00,48049000
25-Nov-13,3850.00,3925.00,3825.00,3900.00,56723000
22-Nov-13,3825.00,3875.00,3775.00,3775.00,87337000
21-Nov-13,3775.00,3800.00,3700.00,3775.00,77345000
20-Nov-13,3850.00,3850.00,3725.00,3825.00,114101000
19-Nov-13,3900.00,3925.00,3850.00,3850.00,52561000
18-Nov-13,3925.00,3950.00,3875.00,3925.00,48837000
15-Nov-13,4000.00,4025.00,3875.00,3900.00,52694000
14-Nov-13,3800.00,3950.00,3775.00,3950.00,86936000
13-Nov-13,3775.00,3825.00,3675.00,3725.00,147635000
12-Nov-13,4000.00,4025.00,3850.00,3850.00,112101000
11-Nov-13,4125.00,4125.00,3975.00,4000.00,79942000
8-Nov-13,4125.00,4150.00,4100.00,4100.00,31419000
7-Nov-13,4150.00,4225.00,4125.00,4175.00,40409000
6-Nov-13,4200.00,4200.00,4125.00,4125.00,40531000
4-Nov-13,4150.00,4175.00,4025.00,4125.00,58148000
1-Nov-13,4200.00,4300.00,4150.00,4175.00,57228000
31-Oct-13,4350.00,4400.00,4200.00,4300.00,77299000
30-Oct-13,4375.00,4425.00,4300.00,4375.00,30810000
29-Oct-13,4325.00,4375.00,4300.00,4325.00,33014000
28-Oct-13,4450.00,4475.00,4325.00,4350.00,18788000
25-Oct-13,4400.00,4475.00,4350.00,4400.00,76233000
24-Oct-13,4200.00,4400.00,4200.00,4400.00,92606000
23-Oct-13,4100.00,4250.00,4100.00,4225.00,150713000
22-Oct-13,4125.00,4150.00,4075.00,4075.00,71123000
21-Oct-13,4175.00,4200.00,4125.00,4150.00,122693000
18-Oct-13,4150.00,4150.00,4025.00,4125.00,113068000
17-Oct-13,4250.00,4300.00,4175.00,4175.00,58030000
16-Oct-13,4350.00,4375.00,4200.00,4225.00,83224000
11-Oct-13,4425.00,4450.00,4250.00,4275.00,80487000
10-Oct-13,4400.00,4400.00,4300.00,4375.00,55792000
9-Oct-13,4250.00,4350.00,4225.00,4350.00,35813000
8-Oct-13,4175.00,4350.00,4150.00,4300.00,75508000
7-Oct-13,4150.00,4200.00,4125.00,4150.00,17404000
4-Oct-13,4200.00,4200.00,4150.00,4175.00,34281000
3-Oct-13,4225.00,4250.00,4175.00,4200.00,25971000
2-Oct-13,4175.00,4225.00,4125.00,4175.00,34406000
1-Oct-13,4025.00,4175.00,4025.00,4100.00,63371000
30-Sep-13,4000.00,4100.00,3975.00,3975.00,61388000
27-Sep-13,4200.00,4200.00,4125.00,4150.00,51519000
26-Sep-13,4125.00,4250.00,4100.00,4100.00,64247000
25-Sep-13,4150.00,4275.00,4075.00,4125.00,116308000
24-Sep-13,4350.00,4425.00,4250.00,4300.00,65866000
23-Sep-13,4350.00,4425.00,4325.00,4350.00,40347000
20-Sep-13,4625.00,4625.00,4400.00,4475.00,49770000
19-Sep-13,4550.00,5150.00,4550.00,4625.00,180181000
18-Sep-13,4475.00,4475.00,4300.00,4325.00,65156000
17-Sep-13,4450.00,4500.00,4425.00,4500.00,76382000
16-Sep-13,4275.00,4475.00,4275.00,4475.00,65956000
13-Sep-13,4075.00,4250.00,4075.00,4250.00,60458000
12-Sep-13,4025.00,4200.00,4000.00,4175.00,94697000
11-Sep-13,4000.00,4100.00,3825.00,4000.00,144696000
10-Sep-13,3575.00,3975.00,3575.00,3950.00,290909000
9-Sep-13,3425.00,3525.00,3350.00,3475.00,178740000
6-Sep-13,3350.00,3400.00,3300.00,3350.00,63773000
5-Sep-13,3475.00,3500.00,3275.00,3400.00,86758000
4-Sep-13,3450.00,3450.00,3350.00,3400.00,40656000
3-Sep-13,3350.00,3500.00,3350.00,3500.00,38102000
2-Sep-13,3600.00,3650.00,3350.00,3350.00,68308000
30-Aug-13,3475.00,3550.00,3450.00,3550.00,96898000
29-Aug-13,3500.00,3525.00,3350.00,3475.00,160101000
28-Aug-13,3175.00,3450.00,3125.00,3450.00,234043000
27-Aug-13,3500.00,3500.00,3300.00,3325.00,146983000
26-Aug-13,3700.00,3700.00,3550.00,3550.00,99612000
23-Aug-13,3775.00,3800.00,3650.00,3700.00,120719000
22-Aug-13,3775.00,3775.00,3650.00,3725.00,98462000
21-Aug-13,3850.00,3950.00,3700.00,3800.00,196800000
20-Aug-13,3700.00,3950.00,3550.00,3900.00,211202000
19-Aug-13,4075.00,4100.00,3775.00,3825.00,155955000
16-Aug-13,4225.00,4250.00,4150.00,4150.00,74090000
15-Aug-13,4300.00,4325.00,4225.00,4300.00,44554000
14-Aug-13,4250.00,4300.00,4200.00,4300.00,26096000
13-Aug-13,4225.00,4225.00,4150.00,4200.00,30529000
12-Aug-13,4275.00,4275.00,4025.00,4200.00,101249000
2-Aug-13,4450.00,4450.00,4325.00,4350.00,29635000
1-Aug-13,4450.00,4450.00,4325.00,4400.00,40771000
31-Jul-13,4350.00,4450.00,4300.00,4450.00,42292000
30-Jul-13,4250.00,4375.00,4250.00,4350.00,31816000
29-Jul-13,4325.00,4375.00,4300.00,4350.00,18287000
26-Jul-13,4300.00,4375.00,4300.00,4375.00,23855000
25-Jul-13,4425.00,4425.00,4275.00,4300.00,44081000
24-Jul-13,4500.00,4500.00,4350.00,4450.00,43858000
23-Jul-13,4275.00,4475.00,4275.00,4475.00,70909000
22-Jul-13,4375.00,4375.00,4250.00,4250.00,38282000
19-Jul-13,4375.00,4425.00,4350.00,4350.00,58634000
18-Jul-13,4250.00,4425.00,4250.00,4400.00,78635000
17-Jul-13,4250.00,4275.00,4175.00,4250.00,50193000
16-Jul-13,4100.00,4225.00,4050.00,4225.00,39787000
15-Jul-13,4200.00,4225.00,4025.00,4100.00,57862000
12-Jul-13,4300.00,4350.00,4100.00,4125.00,77116000
11-Jul-13,3950.00,4250.00,3950.00,4250.00,152833000
10-Jul-13,3775.00,3950.00,3775.00,3875.00,95725000
9-Jul-13,3850.00,3850.00,3725.00,3750.00,67435000
8-Jul-13,4075.00,4075.00,3775.00,3775.00,104688000
5-Jul-13,4125.00,4150.00,4075.00,4075.00,41548000
4-Jul-13,4075.00,4150.00,4025.00,4075.00,54193000
3-Jul-13,4275.00,4275.00,4050.00,4050.00,104059000
2-Jul-13,4500.00,4500.00,4275.00,4275.00,81563000
1-Jul-13,4525.00,4525.00,4425.00,4450.00,25216000
28-Jun-13,4450.00,4500.00,4425.00,4500.00,72977000
27-Jun-13,4350.00,4425.00,4350.00,4375.00,73810000
26-Jun-13,4225.00,4350.00,4200.00,4275.00,75139000
25-Jun-13,4225.00,4300.00,4125.00,4125.00,62054000
24-Jun-13,4325.00,4400.00,4175.00,4200.00,55752000
21-Jun-13,4300.00,4350.00,4200.00,4300.00,94140000
20-Jun-13,4600.00,4600.00,4325.00,4375.00,83120000
19-Jun-13,4725.00,4775.00,4675.00,4700.00,56610000
18-Jun-13,4550.00,4700.00,4550.00,4700.00,61766000
17-Jun-13,4675.00,4750.00,4500.00,4550.00,94154000
14-Jun-13,4550.00,4800.00,4550.00,4725.00,86427000
13-Jun-13,4325.00,4575.00,4275.00,4450.00,104559000
12-Jun-13,4300.00,4450.00,4250.00,4400.00,145415000
11-Jun-13,4500.00,4500.00,4300.00,4425.00,129004000
10-Jun-13,4700.00,4725.00,4450.00,4525.00,82357000
7-Jun-13,4775.00,4800.00,4625.00,4700.00,114846000
5-Jun-13,4875.00,4900.00,4800.00,4800.00,43124000
4-Jun-13,4850.00,4950.00,4825.00,4925.00,42520000
3-Jun-13,4850.00,4875.00,4750.00,4800.00,66743000
31-May-13,4975.00,4975.00,4850.00,4850.00,89833000
30-May-13,5150.00,5150.00,4900.00,4950.00,101060000
29-May-13,5125.00,5175.00,5100.00,5100.00,34936000
28-May-13,5000.00,5100.00,5000.00,5100.00,39802000
27-May-13,5000.00,5025.00,4950.00,5000.00,54338000
24-May-13,5100.00,5100.00,5000.00,5025.00,34912000
23-May-13,5175.00,5175.00,4925.00,5075.00,82831000
22-May-13,5225.00,5275.00,5125.00,5125.00,48195000
21-May-13,5250.00,5275.00,5125.00,5175.00,42472000
20-May-13,5025.00,5250.00,5025.00,5200.00,61516000
17-May-13,5050.00,5075.00,5000.00,5025.00,39231000
16-May-13,5025.00,5075.00,5025.00,5025.00,33127000
15-May-13,5100.00,5125.00,5025.00,5075.00,52488000
14-May-13,5000.00,5075.00,5000.00,5075.00,33897000
13-May-13,5125.00,5125.00,5000.00,5025.00,33505000
10-May-13,5200.00,5225.00,5125.00,5150.00,40596000
8-May-13,5125.00,5175.00,5125.00,5175.00,40502000
7-May-13,5025.00,5125.00,5025.00,5125.00,55761000
6-May-13,4925.00,5025.00,4850.00,5025.00,73582000
3-May-13,5050.00,5050.00,4900.00,4900.00,131626000
2-May-13,5250.00,5275.00,5075.00,5075.00,91341000
1-May-13,5200.00,5275.00,5200.00,5275.00,33816000
30-Apr-13,5325.00,5325.00,5225.00,5250.00,42244000
29-Apr-13,5300.00,5300.00,5250.00,5300.00,16909000
26-Apr-13,5300.00,5350.00,5250.00,5325.00,23478000
25-Apr-13,5250.00,5300.00,5225.00,5300.00,52325000
24-Apr-13,5275.00,5300.00,5250.00,5250.00,50897000
23-Apr-13,5350.00,5350.00,5275.00,5275.00,26345000
22-Apr-13,5300.00,5350.00,5250.00,5350.00,39980000
19-Apr-13,5350.00,5375.00,5250.00,5300.00,45297000
18-Apr-13,5275.00,5375.00,5225.00,5375.00,30702000
17-Apr-13,5250.00,5375.00,5225.00,5300.00,47362000
16-Apr-13,5050.00,5250.00,5025.00,5175.00,37546000
15-Apr-13,5100.00,5125.00,5050.00,5075.00,22968000
12-Apr-13,5100.00,5225.00,5075.00,5175.00,50352000
11-Apr-13,5050.00,5100.00,5025.00,5100.00,29974000
10-Apr-13,5100.00,5150.00,5000.00,5050.00,66135000
9-Apr-13,5050.00,5175.00,5025.00,5100.00,59100000
8-Apr-13,5000.00,5050.00,4975.00,5000.00,35575000
5-Apr-13,4925.00,5025.00,4900.00,5025.00,28530000
4-Apr-13,5025.00,5025.00,4950.00,4950.00,57155000
3-Apr-13,5000.00,5025.00,4950.00,5000.00,46920000
2-Apr-13,5000.00,5025.00,4925.00,4925.00,39644000
1-Apr-13,5025.00,5025.00,4950.00,4950.00,16796000
28-Mar-13,4950.00,5025.00,4950.00,5000.00,38507000
27-Mar-13,4850.00,5000.00,4825.00,5000.00,70348000
26-Mar-13,4775.00,4850.00,4750.00,4800.00,64268000
25-Mar-13,4800.00,4850.00,4750.00,4775.00,38253000
22-Mar-13,4825.00,4850.00,4725.00,4775.00,76290000
21-Mar-13,4950.00,5025.00,4775.00,4800.00,76817000
20-Mar-13,5025.00,5025.00,4925.00,4950.00,45199000
19-Mar-13,4975.00,5025.00,4950.00,5025.00,36502000
18-Mar-13,5000.00,5025.00,4900.00,4950.00,35630000
15-Mar-13,4950.00,5000.00,4925.00,5000.00,34079000
14-Mar-13,4950.00,4975.00,4875.00,4925.00,53664000
13-Mar-13,4925.00,4975.00,4925.00,4950.00,41534000
11-Mar-13,4900.00,4975.00,4900.00,4975.00,33735000
8-Mar-13,4925.00,5025.00,4900.00,4925.00,45688000
7-Mar-13,4825.00,4925.00,4825.00,4925.00,50232000
6-Mar-13,4825.00,4850.00,4775.00,4825.00,50436000
5-Mar-13,4850.00,4875.00,4750.00,4775.00,41379000
4-Mar-13,4925.00,4975.00,4775.00,4850.00,68387000
1-Mar-13,5000.00,5000.00,4900.00,4950.00,42316000
28-Feb-13,4950.00,5075.00,4925.00,5025.00,55917000
27-Feb-13,4850.00,5000.00,4850.00,4950.00,42263000
26-Feb-13,4875.00,4900.00,4725.00,4850.00,61860000
25-Feb-13,4775.00,4875.00,4750.00,4875.00,60027000
22-Feb-13,4675.00,4775.00,4675.00,4775.00,33345000
21-Feb-13,4625.00,4700.00,4600.00,4675.00,53469000
20-Feb-13,4575.00,4625.00,4550.00,4625.00,35654000
19-Feb-13,4525.00,4550.00,4525.00,4550.00,12876000
18-Feb-13,4525.00,4575.00,4525.00,4550.00,43366000
15-Feb-13,4550.00,4575.00,4500.00,4550.00,40193000
14-Feb-13,4525.00,4550.00,4475.00,4550.00,66251000
13-Feb-13,4475.00,4525.00,4450.00,4500.00,24983000
12-Feb-13,4400.00,4475.00,4375.00,4475.00,38314000
11-Feb-13,4425.00,4425.00,4375.00,4375.00,12942000
8-Feb-13,4400.00,4450.00,4375.00,4425.00,34624000
7-Feb-13,4400.00,4400.00,4350.00,4400.00,38490000
6-Feb-13,4425.00,4450.00,4375.00,4400.00,54860000
5-Feb-13,4400.00,4425.00,4350.00,4425.00,37289000
4-Feb-13,4550.00,4650.00,4400.00,4450.00,50322000
1-Feb-13,4550.00,4750.00,4500.00,4500.00,53832000
31-Jan-13,4475.00,4525.00,4425.00,4525.00,45529000
30-Jan-13,4325.00,4450.00,4325.00,4450.00,43870000
29-Jan-13,4400.00,4425.00,4325.00,4325.00,28717000
28-Jan-13,4375.00,4400.00,4300.00,4375.00,18315000
25-Jan-13,4250.00,4400.00,4225.00,4400.00,59102000
23-Jan-13,4225.00,4250.00,4175.00,4225.00,20316000
22-Jan-13,4175.00,4250.00,4175.00,4200.00,34958000
21-Jan-13,4325.00,4350.00,4250.00,4275.00,15216000
18-Jan-13,4250.00,4350.00,4250.00,4350.00,40341000
17-Jan-13,4300.00,4325.00,4275.00,4300.00,26426000
16-Jan-13,4250.00,4325.00,4225.00,4300.00,51413000
15-Jan-13,4200.00,4250.00,4175.00,4250.00,33209000
14-Jan-13,4050.00,4200.00,4000.00,4200.00,56455000
11-Jan-13,4075.00,4075.00,4025.00,4025.00,49415000
10-Jan-13,4150.00,4150.00,4000.00,4025.00,48145000
9-Jan-13,4150.00,4175.00,4100.00,4125.00,64000000
8-Jan-13,4100.00,4175.00,4100.00,4175.00,54964000
7-Jan-13,4100.00,4150.00,4100.00,4100.00,48213000
4-Jan-13,4150.00,4150.00,4100.00,4125.00,33259000
3-Jan-13,4100.00,4150.00,4050.00,4100.00,49502000
2-Jan-13,4050.00,4125.00,4000.00,4125.00,41269000
28-Dec-12,3975.00,4050.00,3950.00,4050.00,47464000
27-Dec-12,4000.00,4000.00,3850.00,3900.00,42484000
26-Dec-12,4000.00,4000.00,3950.00,4000.00,33907000
21-Dec-12,4000.00,4025.00,3950.00,4000.00,48100000
20-Dec-12,4000.00,4000.00,3950.00,4000.00,33337000
19-Dec-12,4075.00,4075.00,4000.00,4000.00,42685000
18-Dec-12,4075.00,4100.00,4025.00,4050.00,69336000
17-Dec-12,4000.00,4100.00,4000.00,4075.00,87324000
14-Dec-12,4025.00,4050.00,3975.00,4025.00,46410000
13-Dec-12,4075.00,4100.00,4000.00,4000.00,69411000
12-Dec-12,4000.00,4050.00,4000.00,4050.00,63572000
11-Dec-12,3975.00,4050.00,3950.00,4000.00,70791000
10-Dec-12,3975.00,4050.00,3950.00,3975.00,86453000
7-Dec-12,4025.00,4050.00,3975.00,3975.00,65206000
6-Dec-12,4100.00,4100.00,4025.00,4050.00,64986000
5-Dec-12,4025.00,4125.00,4025.00,4100.00,54699000
4-Dec-12,4200.00,4200.00,4050.00,4075.00,85911000
3-Dec-12,4175.00,4225.00,4150.00,4225.00,49585000
30-Nov-12,4350.00,4350.00,4100.00,4125.00,114748000
29-Nov-12,4375.00,4400.00,4300.00,4350.00,15489000
28-Nov-12,4350.00,4350.00,4250.00,4350.00,30211000
27-Nov-12,4400.00,4450.00,4375.00,4375.00,27705000
26-Nov-12,4375.00,4425.00,4350.00,4400.00,19260000
23-Nov-12,4300.00,4375.00,4275.00,4350.00,30854000
22-Nov-12,4225.00,4325.00,4225.00,4300.00,11715000
21-Nov-12,4225.00,4250.00,4200.00,4250.00,18967000
20-Nov-12,4250.00,4300.00,4225.00,4250.00,20525000
19-Nov-12,4300.00,4325.00,4250.00,4250.00,39887000
14-Nov-12,4275.00,4375.00,4250.00,4350.00,42452000
13-Nov-12,4275.00,4275.00,4200.00,4225.00,14125000
12-Nov-12,4300.00,4350.00,4275.00,4275.00,20188000
9-Nov-12,4200.00,4300.00,4200.00,4300.00,20485000
8-Nov-12,4200.00,4275.00,4200.00,4225.00,30056000
7-Nov-12,4250.00,4275.00,4225.00,4275.00,26738000
6-Nov-12,4175.00,4225.00,4175.00,4200.00,24078000
5-Nov-12,4200.00,4225.00,4150.00,4200.00,31843000
2-Nov-12,4200.00,4200.00,4150.00,4200.00,32610000
1-Nov-12,4125.00,4175.00,4075.00,4150.00,55068000
31-Oct-12,4175.00,4200.00,4125.00,4125.00,41384000
30-Oct-12,4150.00,4200.00,4125.00,4200.00,68003000
29-Oct-12,4100.00,4125.00,4075.00,4100.00,45981000
25-Oct-12,4100.00,4100.00,4050.00,4100.00,37598000
24-Oct-12,4050.00,4100.00,4025.00,4025.00,24400000
23-Oct-12,4100.00,4125.00,4050.00,4050.00,17206000
22-Oct-12,4000.00,4100.00,4000.00,4100.00,43238000
19-Oct-12,4125.00,4125.00,4025.00,4025.00,35252000
18-Oct-12,4075.00,4125.00,4075.00,4075.00,16548000
17-Oct-12,4125.00,4150.00,4050.00,4100.00,51421000
16-Oct-12,4075.00,4100.00,4050.00,4100.00,59870000
15-Oct-12,4050.00,4075.00,4000.00,4075.00,22615000
12-Oct-12,4000.00,4050.00,3975.00,4050.00,26058000
11-Oct-12,4050.00,4050.00,3950.00,3975.00,63306000
10-Oct-12,4000.00,4050.00,4000.00,4050.00,32717000
9-Oct-12,4050.00,4075.00,4000.00,4050.00,40538000
8-Oct-12,4075.00,4100.00,4000.00,4050.00,33764000
5-Oct-12,4050.00,4100.00,4025.00,4050.00,28770000
4-Oct-12,4000.00,4050.00,3975.00,4025.00,35402000
3-Oct-12,4075.00,4075.00,4000.00,4000.00,19826000
2-Oct-12,4000.00,4050.00,4000.00,4025.00,35170000
1-Oct-12,4050.00,4075.00,4025.00,4025.00,32937000
28-Sep-12,4150.00,4150.00,4075.00,4100.00,40491000
27-Sep-12,4100.00,4125.00,4075.00,4125.00,28352000
26-Sep-12,4050.00,4125.00,4050.00,4100.00,62482000
25-Sep-12,4000.00,4050.00,3975.00,4050.00,53632000
24-Sep-12,3950.00,4025.00,3925.00,4000.00,40073000
21-Sep-12,3975.00,3975.00,3925.00,3975.00,28680000
20-Sep-12,3975.00,3975.00,3925.00,3950.00,31642000
19-Sep-12,4000.00,4025.00,3975.00,4000.00,23251000
18-Sep-12,4025.00,4025.00,4000.00,4025.00,28784000
17-Sep-12,4000.00,4025.00,3975.00,4025.00,58655000
14-Sep-12,3900.00,3975.00,3900.00,3975.00,93275000
13-Sep-12,3800.00,3875.00,3800.00,3850.00,53874000
12-Sep-12,3900.00,3900.00,3800.00,3825.00,74132000
11-Sep-12,3950.00,3950.00,3850.00,3875.00,44815000
10-Sep-12,3950.00,3975.00,3900.00,3950.00,30060000
7-Sep-12,3975.00,4000.00,3925.00,3950.00,27761000
6-Sep-12,3925.00,3950.00,3900.00,3925.00,47895000
5-Sep-12,3925.00,3950.00,3900.00,3925.00,29336000
4-Sep-12,3975.00,4000.00,3950.00,3975.00,24344000
3-Sep-12,3900.00,3975.00,3875.00,3950.00,18881000
31-Aug-12,3675.00,3900.00,3675.00,3900.00,61961000
30-Aug-12,3850.00,3850.00,3700.00,3725.00,97973000
29-Aug-12,4025.00,4050.00,3875.00,3900.00,66692000
28-Aug-12,4075.00,4100.00,4000.00,4075.00,44100000
27-Aug-12,4100.00,4125.00,4075.00,4100.00,3597000
24-Aug-12,4150.00,4150.00,4050.00,4100.00,19511000
23-Aug-12,4175.00,4300.00,4100.00,4175.00,63025000
16-Aug-12,4150.00,4200.00,4125.00,4175.00,22019000
15-Aug-12,4100.00,4150.00,4050.00,4150.00,20504000
14-Aug-12,4150.00,4150.00,4050.00,4150.00,13863000
13-Aug-12,4200.00,4200.00,4075.00,4125.00,13535000
10-Aug-12,4150.00,4175.00,4125.00,4175.00,25388000
9-Aug-12,4025.00,4150.00,4000.00,4150.00,43303000
8-Aug-12,3925.00,4050.00,3925.00,4000.00,24836000
7-Aug-12,4075.00,4100.00,4025.00,4025.00,21409000
6-Aug-12,4175.00,4175.00,4000.00,4050.00,38219000
3-Aug-12,4050.00,4150.00,4025.00,4150.00,28146000
2-Aug-12,4175.00,4225.00,4100.00,4125.00,26974000
1-Aug-12,4125.00,4150.00,4050.00,4150.00,40876000
31-Jul-12,4000.00,4150.00,3975.00,4150.00,110174000
30-Jul-12,3900.00,3975.00,3900.00,3925.00,77031000
27-Jul-12,3750.00,3900.00,3750.00,3825.00,75836000
26-Jul-12,3700.00,3725.00,3650.00,3725.00,26911000
25-Jul-12,3675.00,3750.00,3600.00,3750.00,28129000
24-Jul-12,3700.00,3775.00,3675.00,3700.00,34339000
23-Jul-12,3750.00,3775.00,3675.00,3700.00,29904000
20-Jul-12,3825.00,3875.00,3800.00,3850.00,69427000
19-Jul-12,3700.00,3800.00,3675.00,3800.00,108188000
18-Jul-12,3625.00,3700.00,3600.00,3700.00,40847000
17-Jul-12,3600.00,3625.00,3575.00,3625.00,13064000
16-Jul-12,3575.00,3600.00,3550.00,3550.00,37085000
13-Jul-12,3475.00,3550.00,3475.00,3550.00,28463000
12-Jul-12,3525.00,3525.00,3475.00,3525.00,52700000
11-Jul-12,3475.00,3550.00,3450.00,3525.00,44737000
10-Jul-12,3450.00,3500.00,3450.00,3475.00,48046000
9-Jul-12,3500.00,3500.00,3425.00,3450.00,63240000
6-Jul-12,3550.00,3575.00,3500.00,3550.00,60165000
5-Jul-12,3675.00,3675.00,3600.00,3600.00,18231000
4-Jul-12,3675.00,3700.00,3650.00,3675.00,28898000
3-Jul-12,3675.00,3700.00,3600.00,3675.00,29665000
2-Jul-12,3650.00,3700.00,3625.00,3625.00,58442000
29-Jun-12,3575.00,3650.00,3575.00,3600.00,71738000
28-Jun-12,3600.00,3625.00,3550.00,3550.00,43109000
27-Jun-12,3500.00,3625.00,3500.00,3575.00,73712000
26-Jun-12,3475.00,3550.00,3475.00,3475.00,21633000
25-Jun-12,3575.00,3625.00,3500.00,3500.00,21828000
22-Jun-12,3575.00,3600.00,3525.00,3600.00,31757000
21-Jun-12,3625.00,3675.00,3575.00,3625.00,35198000
20-Jun-12,3575.00,3625.00,3550.00,3625.00,16505000
19-Jun-12,3550.00,3600.00,3475.00,3575.00,22473000
18-Jun-12,3550.00,3600.00,3475.00,3550.00,40630000
15-Jun-12,3400.00,3500.00,3400.00,3500.00,17207000
14-Jun-12,3450.00,3500.00,3375.00,3400.00,29538000
13-Jun-12,3525.00,3525.00,3475.00,3500.00,18399000
12-Jun-12,3475.00,3500.00,3425.00,3475.00,10652000
11-Jun-12,3500.00,3525.00,3475.00,3500.00,17709000
8-Jun-12,3375.00,3500.00,3375.00,3475.00,22556000
7-Jun-12,3525.00,3550.00,3425.00,3450.00,36661000
6-Jun-12,3400.00,3475.00,3400.00,3450.00,30115000
5-Jun-12,3375.00,3400.00,3300.00,3325.00,23218000
4-Jun-12,3375.00,3375.00,3275.00,3300.00,72280000
1-Jun-12,3425.00,3475.00,3425.00,3450.00,27947000
31-May-12,3450.00,3475.00,3400.00,3450.00,58365000
30-May-12,3450.00,3550.00,3425.00,3525.00,29603000
29-May-12,3525.00,3525.00,3450.00,3450.00,23304000
28-May-12,3350.00,3600.00,3325.00,3525.00,29899000
25-May-12,3525.00,3525.00,3375.00,3450.00,93404000
24-May-12,3525.00,3550.00,3500.00,3550.00,15537000
23-May-12,3550.00,3550.00,3475.00,3525.00,49463000
22-May-12,3575.00,3600.00,3525.00,3575.00,36305000
21-May-12,3500.00,3550.00,3475.00,3475.00,76237000
16-May-12,3500.00,3550.00,3475.00,3550.00,50886000
15-May-12,3575.00,3625.00,3550.00,3575.00,71255000
14-May-12,3600.00,3650.00,3600.00,3600.00,37964000
11-May-12,3600.00,3625.00,3575.00,3600.00,25072000
10-May-12,3600.00,3650.00,3575.00,3625.00,27828000
9-May-12,3625.00,3625.00,3550.00,3600.00,64755000
8-May-12,3625.00,3650.00,3600.00,3625.00,34476000
7-May-12,3625.00,3675.00,3575.00,3575.00,45574000
4-May-12,3650.00,3725.00,3650.00,3675.00,34886000
3-May-12,3675.00,3700.00,3575.00,3625.00,39385000
2-May-12,3700.00,3725.00,3650.00,3700.00,52292000
1-May-12,3725.00,3725.00,3675.00,3700.00,54885000
30-Apr-12,3675.00,3700.00,3625.00,3700.00,92633000
27-Apr-12,3650.00,3675.00,3600.00,3650.00,32699000
26-Apr-12,3525.00,3675.00,3525.00,3650.00,164641000
25-Apr-12,3525.00,3575.00,3500.00,3500.00,44850000
24-Apr-12,3475.00,3550.00,3475.00,3525.00,28190000
23-Apr-12,3575.00,3575.00,3475.00,3475.00,15074000
20-Apr-12,3550.00,3575.00,3525.00,3575.00,60940000
19-Apr-12,3550.00,3550.00,3500.00,3525.00,16272000
18-Apr-12,3525.00,3550.00,3500.00,3550.00,61395000
17-Apr-12,3475.00,3525.00,3475.00,3525.00,49137000
16-Apr-12,3500.00,3525.00,3450.00,3475.00,19226000
13-Apr-12,3525.00,3550.00,3475.00,3500.00,57577000
12-Apr-12,3475.00,3500.00,3450.00,3475.00,45126000
11-Apr-12,3450.00,3525.00,3425.00,3475.00,53694000
10-Apr-12,3475.00,3500.00,3450.00,3450.00,23010000
9-Apr-12,3450.00,3500.00,3450.00,3475.00,31786000
5-Apr-12,3475.00,3525.00,3450.00,3525.00,34006000
4-Apr-12,3525.00,3525.00,3450.00,3475.00,37509000
3-Apr-12,3500.00,3550.00,3500.00,3550.00,154515000
2-Apr-12,3425.00,3475.00,3400.00,3475.00,109074000
30-Mar-12,3400.00,3475.00,3400.00,3425.00,87910000
29-Mar-12,3375.00,3425.00,3350.00,3400.00,59826000
28-Mar-12,3350.00,3450.00,3325.00,3425.00,92684000
27-Mar-12,3350.00,3375.00,3325.00,3350.00,63025000
26-Mar-12,3425.00,3450.00,3325.00,3375.00,42943000
22-Mar-12,3450.00,3450.00,3400.00,3425.00,28254000
21-Mar-12,3450.00,3475.00,3425.00,3450.00,26516000
20-Mar-12,3450.00,3475.00,3425.00,3450.00,53830000
19-Mar-12,3450.00,3475.00,3425.00,3450.00,57796000
16-Mar-12,3400.00,3450.00,3375.00,3450.00,57671000
15-Mar-12,3450.00,3450.00,3375.00,3400.00,50103000
14-Mar-12,3425.00,3450.00,3375.00,3425.00,158196000
13-Mar-12,3350.00,3375.00,3325.00,3375.00,115940000
12-Mar-12,3350.00,3350.00,3325.00,3350.00,90804000
9-Mar-12,3300.00,3350.00,3300.00,3300.00,134246000
8-Mar-12,3225.00,3300.00,3225.00,3275.00,167615000
7-Mar-12,3200.00,3225.00,3175.00,3200.00,53830000
6-Mar-12,3250.00,3250.00,3200.00,3250.00,79930000
5-Mar-12,3225.00,3250.00,3200.00,3250.00,70933000
2-Mar-12,3175.00,3250.00,3175.00,3250.00,66689000
1-Mar-12,3200.00,3225.00,3175.00,3175.00,41844000
29-Feb-12,3150.00,3225.00,3125.00,3225.00,119118000
28-Feb-12,3025.00,3150.00,3000.00,3125.00,85788000
27-Feb-12,3050.00,3050.00,3000.00,3025.00,102259000
24-Feb-12,3150.00,3150.00,3025.00,3050.00,155770000
23-Feb-12,3225.00,3225.00,3150.00,3150.00,66155000
22-Feb-12,3225.00,3225.00,3200.00,3225.00,47777000
21-Feb-12,3225.00,3250.00,3175.00,3225.00,94798000
20-Feb-12,3200.00,3225.00,3150.00,3200.00,68459000
17-Feb-12,3175.00,3200.00,3125.00,3175.00,57508000
16-Feb-12,3100.00,3150.00,3075.00,3125.00,89973000
15-Feb-12,3075.00,3150.00,3075.00,3100.00,77672000
14-Feb-12,3150.00,3150.00,3100.00,3125.00,85869000
13-Feb-12,3075.00,3175.00,3050.00,3175.00,108298000
10-Feb-12,3150.00,3175.00,3000.00,3075.00,267410000
9-Feb-12,3200.00,3225.00,3150.00,3150.00,168271000
8-Feb-12,3200.00,3250.00,3175.00,3200.00,311720000
7-Feb-12,3200.00,3225.00,3125.00,3200.00,254896000
6-Feb-12,3275.00,3300.00,3175.00,3200.00,195410000
3-Feb-12,3300.00,3325.00,3250.00,3275.00,99534000
2-Feb-12,3375.00,3375.00,3300.00,3325.00,158332000
1-Feb-12,3325.00,3375.00,3300.00,3375.00,65343000
31-Jan-12,3325.00,3375.00,3300.00,3350.00,76382000
30-Jan-12,3425.00,3425.00,3300.00,3325.00,126874000
27-Jan-12,3475.00,3475.00,3400.00,3425.00,112071000
26-Jan-12,3500.00,3500.00,3450.00,3475.00,27912000
25-Jan-12,3500.00,3525.00,3450.00,3475.00,43000000
24-Jan-12,3525.00,3550.00,3500.00,3525.00,28389000
20-Jan-12,3550.00,3575.00,3500.00,3525.00,77514000
19-Jan-12,3500.00,3550.00,3500.00,3550.00,107253000
18-Jan-12,3400.00,3475.00,3375.00,3475.00,159006000
17-Jan-12,3375.00,3400.00,3350.00,3400.00,50530000
16-Jan-12,3400.00,3400.00,3350.00,3350.00,34627000
13-Jan-12,3400.00,3425.00,3375.00,3425.00,38701000
12-Jan-12,3400.00,3425.00,3375.00,3400.00,50518000
11-Jan-12,3425.00,3450.00,3400.00,3425.00,49087000
10-Jan-12,3375.00,3450.00,3350.00,3425.00,76699000
9-Jan-12,3325.00,3350.00,3300.00,3350.00,40428000
6-Jan-12,3375.00,3400.00,3325.00,3350.00,27621000
5-Jan-12,3400.00,3425.00,3375.00,3375.00,40732000
4-Jan-12,3425.00,3450.00,3400.00,3425.00,78827000
3-Jan-12,3375.00,3400.00,3350.00,3400.00,44228000
2-Jan-12,3350.00,3375.00,3325.00,3350.00,10288000
30-Dec-11,3375.00,3400.00,3325.00,3375.00,33935000
29-Dec-11,3275.00,3400.00,3250.00,3350.00,37918000
28-Dec-11,3375.00,3375.00,3275.00,3300.00,23981000
27-Dec-11,3400.00,3400.00,3350.00,3375.00,14561000
23-Dec-11,3375.00,3400.00,3325.00,3400.00,31663000
22-Dec-11,3425.00,3425.00,3350.00,3375.00,27694000
21-Dec-11,3475.00,3500.00,3400.00,3425.00,67679000
20-Dec-11,3400.00,3450.00,3375.00,3425.00,59693000
19-Dec-11,3350.00,3400.00,3300.00,3400.00,73917000
16-Dec-11,3275.00,3375.00,3250.00,3350.00,134882000
15-Dec-11,3175.00,3225.00,3100.00,3225.00,75746000
14-Dec-11,3225.00,3275.00,3200.00,3225.00,28554000
13-Dec-11,3250.00,3300.00,3225.00,3250.00,49952000
12-Dec-11,3325.00,3350.00,3275.00,3300.00,58892000
9-Dec-11,3275.00,3300.00,3225.00,3300.00,64001000
8-Dec-11,3325.00,3350.00,3275.00,3325.00,48626000
7-Dec-11,3300.00,3350.00,3275.00,3350.00,62497000
6-Dec-11,3325.00,3350.00,3250.00,3300.00,67916000
5-Dec-11,3350.00,3375.00,3325.00,3350.00,54919000
2-Dec-11,3350.00,3350.00,3275.00,3350.00,34672000
1-Dec-11,3300.00,3375.00,3275.00,3325.00,180395000
30-Nov-11,3225.00,3300.00,3175.00,3200.00,78431000
29-Nov-11,3225.00,3275.00,3200.00,3275.00,80212000
28-Nov-11,3275.00,3300.00,3150.00,3200.00,114805000
25-Nov-11,3300.00,3300.00,3200.00,3225.00,89491000
24-Nov-11,3300.00,3350.00,3250.00,3350.00,97676000
23-Nov-11,3325.00,3350.00,3275.00,3325.00,71610000
22-Nov-11,3275.00,3400.00,3250.00,3400.00,93525000
21-Nov-11,3325.00,3350.00,3225.00,3275.00,106803000
18-Nov-11,3400.00,3450.00,3375.00,3400.00,95044000
17-Nov-11,3500.00,3525.00,3475.00,3500.00,39824000
16-Nov-11,3550.00,3575.00,3475.00,3550.00,91699000
15-Nov-11,3600.00,3625.00,3550.00,3575.00,49242000
14-Nov-11,3625.00,3650.00,3600.00,3650.00,54563000
11-Nov-11,3600.00,3600.00,3550.00,3575.00,26055000
10-Nov-11,3600.00,3600.00,3525.00,3575.00,75336000
9-Nov-11,3650.00,3700.00,3600.00,3700.00,136350000
8-Nov-11,3600.00,3650.00,3575.00,3625.00,25392000
7-Nov-11,3575.00,3625.00,3575.00,3600.00,24064000
4-Nov-11,3550.00,3625.00,3525.00,3600.00,112378000
3-Nov-11,3475.00,3500.00,3400.00,3450.00,65948000
2-Nov-11,3325.00,3550.00,3275.00,3550.00,85275000
1-Nov-11,3550.00,3600.00,3400.00,3400.00,53510000
31-Oct-11,3625.00,3625.00,3525.00,3575.00,30760000
28-Oct-11,3625.00,3650.00,3550.00,3600.00,60636000
27-Oct-11,3475.00,3575.00,3425.00,3575.00,155864000
26-Oct-11,3350.00,3450.00,3325.00,3425.00,51832000
25-Oct-11,3450.00,3475.00,3350.00,3400.00,83305000
24-Oct-11,3300.00,3450.00,3300.00,3450.00,131079000
21-Oct-11,3200.00,3250.00,3150.00,3225.00,44315000
20-Oct-11,3300.00,3300.00,3150.00,3200.00,48212000
19-Oct-11,3250.00,3325.00,3250.00,3300.00,71436000
18-Oct-11,3250.00,3300.00,3150.00,3200.00,80766000
17-Oct-11,3350.00,3400.00,3350.00,3375.00,48912000
14-Oct-11,3350.00,3375.00,3275.00,3300.00,34893000
13-Oct-11,3375.00,3400.00,3300.00,3325.00,83780000
12-Oct-11,3250.00,3325.00,3225.00,3325.00,90791000
11-Oct-11,3200.00,3275.00,3200.00,3225.00,110558000
10-Oct-11,3000.00,3125.00,2975.00,3125.00,52752000
7-Oct-11,3075.00,3150.00,2975.00,3000.00,108552000
6-Oct-11,2875.00,3050.00,2875.00,3025.00,160805000
5-Oct-11,2800.00,2850.00,2775.00,2825.00,68486000
4-Oct-11,2800.00,2900.00,2750.00,2775.00,114839000
3-Oct-11,3075.00,3075.00,2850.00,2875.00,131207000
30-Sep-11,3225.00,3275.00,3050.00,3150.00,87861000
29-Sep-11,3050.00,3250.00,3025.00,3225.00,98182000
28-Sep-11,2975.00,3125.00,2900.00,3100.00,121648000
27-Sep-11,2850.00,3025.00,2850.00,2975.00,171296000
26-Sep-11,2750.00,2875.00,2650.00,2750.00,178025000
23-Sep-11,2550.00,2850.00,2550.00,2800.00,148952000
22-Sep-11,3000.00,3000.00,2650.00,2650.00,310978000
21-Sep-11,3150.00,3150.00,3075.00,3100.00,79442000
20-Sep-11,3125.00,3175.00,3050.00,3150.00,127113000
19-Sep-11,3250.00,3300.00,3150.00,3175.00,74383000
16-Sep-11,3250.00,3350.00,3175.00,3325.00,94620000
15-Sep-11,3275.00,3300.00,3075.00,3175.00,187454000
14-Sep-11,3450.00,3475.00,3200.00,3225.00,159998000
13-Sep-11,3450.00,3500.00,3375.00,3425.00,65249000
12-Sep-11,3500.00,3525.00,3425.00,3450.00,36120000
9-Sep-11,3650.00,3650.00,3575.00,3600.00,33190000
8-Sep-11,3575.00,3625.00,3525.00,3600.00,85417000
7-Sep-11,3400.00,3550.00,3400.00,3550.00,65853000
6-Sep-11,3400.00,3425.00,3350.00,3400.00,66812000
5-Sep-11,3500.00,3525.00,3375.00,3425.00,125135000
26-Aug-11,3400.00,3450.00,3375.00,3425.00,54744000
25-Aug-11,3450.00,3475.00,3425.00,3450.00,23747000
24-Aug-11,3450.00,3475.00,3400.00,3425.00,50331000
23-Aug-11,3400.00,3450.00,3350.00,3450.00,59312000
22-Aug-11,3475.00,3500.00,3325.00,3400.00,117698000
19-Aug-11,3550.00,3625.00,3450.00,3475.00,125667000
18-Aug-11,3675.00,3700.00,3650.00,3675.00,77557000
16-Aug-11,3675.00,3700.00,3625.00,3625.00,91772000
15-Aug-11,3600.00,3675.00,3575.00,3650.00,61638000
12-Aug-11,3675.00,3700.00,3550.00,3600.00,106128000
11-Aug-11,3675.00,3700.00,3575.00,3650.00,116021000
10-Aug-11,3675.00,3750.00,3650.00,3750.00,100398000
9-Aug-11,3450.00,3750.00,3400.00,3600.00,159424000
8-Aug-11,3625.00,3675.00,3400.00,3675.00,159045000
5-Aug-11,3625.00,3700.00,3550.00,3675.00,178612000
4-Aug-11,3850.00,3900.00,3775.00,3850.00,57266000
3-Aug-11,3875.00,3900.00,3800.00,3825.00,74186000
2-Aug-11,4025.00,4050.00,3900.00,3950.00,37370000
1-Aug-11,3925.00,4025.00,3925.00,4025.00,63689000
29-Jul-11,3975.00,4000.00,3850.00,3925.00,43889000
28-Jul-11,3975.00,4000.00,3925.00,3950.00,55619000
27-Jul-11,3925.00,4075.00,3925.00,4025.00,60897000
26-Jul-11,3825.00,3975.00,3825.00,3925.00,62875000
25-Jul-11,3775.00,3875.00,3750.00,3850.00,68810000
22-Jul-11,3800.00,3825.00,3775.00,3800.00,40442000
21-Jul-11,3800.00,3800.00,3750.00,3775.00,27060000
20-Jul-11,3850.00,3850.00,3750.00,3800.00,73674000
19-Jul-11,3875.00,3875.00,3800.00,3825.00,61408000
18-Jul-11,3950.00,3950.00,3875.00,3925.00,56461000
15-Jul-11,3900.00,4000.00,3900.00,3950.00,77462000
14-Jul-11,3800.00,3900.00,3800.00,3900.00,54935000
13-Jul-11,3775.00,3800.00,3775.00,3800.00,51182000
12-Jul-11,3800.00,3825.00,3750.00,3775.00,49671000
11-Jul-11,3800.00,3875.00,3800.00,3850.00,56965000
8-Jul-11,3700.00,3850.00,3700.00,3800.00,132253000
7-Jul-11,3650.00,3700.00,3625.00,3675.00,66702000
6-Jul-11,3575.00,3625.00,3575.00,3625.00,28346000
5-Jul-11,3600.00,3650.00,3575.00,3600.00,40174000
4-Jul-11,3650.00,3675.00,3575.00,3600.00,56281000
1-Jul-11,3600.00,3650.00,3600.00,3650.00,84238000
30-Jun-11,3550.00,3600.00,3525.00,3600.00,106257000
28-Jun-11,3525.00,3550.00,3500.00,3525.00,22222000
27-Jun-11,3500.00,3550.00,3500.00,3525.00,37623000
24-Jun-11,3450.00,3550.00,3450.00,3525.00,35985000
23-Jun-11,3500.00,3525.00,3475.00,3500.00,34839000
22-Jun-11,3500.00,3525.00,3450.00,3525.00,37002000
21-Jun-11,3425.00,3500.00,3425.00,3475.00,58648000
20-Jun-11,3425.00,3450.00,3375.00,3425.00,31449000
17-Jun-11,3400.00,3450.00,3350.00,3400.00,52491000
16-Jun-11,3425.00,3425.00,3350.00,3375.00,79836000
15-Jun-11,3475.00,3525.00,3475.00,3475.00,44726000
14-Jun-11,3450.00,3500.00,3450.00,3475.00,46754000
13-Jun-11,3475.00,3475.00,3425.00,3450.00,21558000
10-Jun-11,3475.00,3500.00,3450.00,3500.00,53637000
9-Jun-11,3500.00,3500.00,3450.00,3475.00,45181000
8-Jun-11,3500.00,3525.00,3450.00,3500.00,71291000
7-Jun-11,3500.00,3525.00,3475.00,3525.00,34104000
6-Jun-11,3525.00,3525.00,3500.00,3500.00,31589000
3-Jun-11,3525.00,3550.00,3500.00,3550.00,75279000
1-Jun-11,3600.00,3625.00,3575.00,3575.00,37264000
31-May-11,3625.00,3625.00,3550.00,3600.00,64816000
30-May-11,3600.00,3625.00,3550.00,3600.00,87146000
27-May-11,3475.00,3575.00,3450.00,3575.00,46821000
26-May-11,3475.00,3525.00,3475.00,3500.00,47530000
25-May-11,3500.00,3525.00,3450.00,3475.00,57562000
24-May-11,3525.00,3550.00,3500.00,3550.00,39393000
23-May-11,3600.00,3600.00,3500.00,3550.00,47502000
20-May-11,3625.00,3650.00,3600.00,3625.00,49823000
19-May-11,3550.00,3625.00,3550.00,3625.00,110325000
18-May-11,3550.00,3575.00,3525.00,3550.00,43015000
16-May-11,3550.00,3575.00,3475.00,3525.00,59344000
13-May-11,3550.00,3575.00,3550.00,3575.00,41563000
12-May-11,3550.00,3575.00,3500.00,3525.00,45678000
11-May-11,3550.00,3575.00,3525.00,3575.00,67801000
10-May-11,3425.00,3550.00,3400.00,3525.00,146613000
9-May-11,3500.00,3500.00,3450.00,3450.00,60374000
6-May-11,3575.00,3575.00,3475.00,3500.00,97648000
5-May-11,3550.00,3600.00,3525.00,3600.00,61401000
4-May-11,3600.00,3625.00,3550.00,3600.00,67487000
3-May-11,3675.00,3675.00,3600.00,3650.00,43243000
2-May-11,3575.00,3675.00,3575.00,3675.00,87932000
29-Apr-11,3525.00,3575.00,3500.00,3575.00,65576000
28-Apr-11,3600.00,3625.00,3500.00,3525.00,43340000
27-Apr-11,3525.00,3575.00,3500.00,3575.00,72176000
26-Apr-11,3525.00,3525.00,3450.00,3500.00,25305000
25-Apr-11,3575.00,3575.00,3500.00,3525.00,31748000
21-Apr-11,3575.00,3575.00,3475.00,3550.00,66767000
20-Apr-11,3375.00,3550.00,3375.00,3550.00,177604000
19-Apr-11,3325.00,3375.00,3275.00,3350.00,34362000
18-Apr-11,3400.00,3400.00,3325.00,3350.00,40891000
15-Apr-11,3350.00,3400.00,3350.00,3400.00,35617000
14-Apr-11,3400.00,3400.00,3325.00,3350.00,44385000
13-Apr-11,3375.00,3425.00,3375.00,3400.00,53031000
12-Apr-11,3450.00,3450.00,3400.00,3425.00,25945000
11-Apr-11,3500.00,3525.00,3425.00,3475.00,41229000
8-Apr-11,3400.00,3500.00,3400.00,3500.00,114462000
7-Apr-11,3375.00,3450.00,3375.00,3400.00,57000000
6-Apr-11,3325.00,3425.00,3300.00,3400.00,102432000
5-Apr-11,3450.00,3450.00,3300.00,3325.00,52938000
4-Apr-11,3450.00,3475.00,3400.00,3425.00,118326000
1-Apr-11,3400.00,3425.00,3350.00,3425.00,68031000
31-Mar-11,3250.00,3400.00,3250.00,3400.00,167933000
30-Mar-11,3225.00,3250.00,3175.00,3250.00,78316000
29-Mar-11,3100.00,3200.00,3075.00,3200.00,92864000
28-Mar-11,3125.00,3175.00,3075.00,3100.00,66526000
25-Mar-11,3075.00,3150.00,3075.00,3150.00,155628000
24-Mar-11,3000.00,3075.00,2975.00,3075.00,124563000
23-Mar-11,3000.00,3000.00,2950.00,3000.00,105803000
22-Mar-11,3000.00,3025.00,2975.00,3000.00,63751000
21-Mar-11,3000.00,3025.00,2950.00,3000.00,60159000
18-Mar-11,3000.00,3000.00,2950.00,3000.00,57908000
17-Mar-11,2975.00,3000.00,2950.00,2975.00,63534000
16-Mar-11,3025.00,3050.00,2975.00,3050.00,89562000
15-Mar-11,3000.00,3025.00,2950.00,3000.00,70050000
14-Mar-11,3100.00,3100.00,3025.00,3075.00,59020000
11-Mar-11,3125.00,3125.00,3025.00,3075.00,71358000
10-Mar-11,3150.00,3175.00,3125.00,3175.00,50925000
9-Mar-11,3200.00,3225.00,3125.00,3200.00,100421000
8-Mar-11,3175.00,3225.00,3150.00,3200.00,79976000
7-Mar-11,3075.00,3200.00,3025.00,3175.00,150287000
4-Mar-11,3000.00,3100.00,2975.00,3100.00,173045000
3-Mar-11,2975.00,3000.00,2925.00,2950.00,77269000
2-Mar-11,2900.00,2975.00,2875.00,2975.00,79951000
1-Mar-11,2925.00,2950.00,2850.00,2950.00,84762000
28-Feb-11,2850.00,2900.00,2825.00,2900.00,67504000
25-Feb-11,2825.00,2875.00,2775.00,2875.00,77812000
24-Feb-11,2925.00,2925.00,2775.00,2825.00,99633000
23-Feb-11,2950.00,2950.00,2900.00,2900.00,73127000
22-Feb-11,2975.00,2975.00,2875.00,2975.00,116569000
21-Feb-11,2925.00,3025.00,2925.00,3000.00,195437000
18-Feb-11,2775.00,2975.00,2750.00,2950.00,273543000
17-Feb-11,2800.00,2800.00,2725.00,2775.00,88519000
16-Feb-11,2750.00,2800.00,2675.00,2800.00,146513000
14-Feb-11,2800.00,2800.00,2750.00,2800.00,93772000
11-Feb-11,2800.00,2800.00,2700.00,2775.00,67698000
10-Feb-11,2800.00,2800.00,2700.00,2800.00,110349000
9-Feb-11,2925.00,2925.00,2775.00,2850.00,147270000
8-Feb-11,2975.00,3025.00,2900.00,2975.00,179356000
7-Feb-11,3025.00,3050.00,2950.00,3000.00,65360000
4-Feb-11,3050.00,3050.00,2975.00,2975.00,59448000
2-Feb-11,3075.00,3125.00,3025.00,3050.00,69031000
1-Feb-11,3000.00,3100.00,3000.00,3050.00,106929000
31-Jan-11,2925.00,3025.00,2875.00,2975.00,143671000
28-Jan-11,3000.00,3025.00,2950.00,3025.00,95887000
27-Jan-11,3025.00,3050.00,2950.00,3000.00,130812000
26-Jan-11,2825.00,3000.00,2775.00,2975.00,156328000
25-Jan-11,2750.00,2850.00,2725.00,2825.00,119010000
24-Jan-11,2775.00,2800.00,2700.00,2750.00,57664000
21-Jan-11,2850.00,2850.00,2675.00,2800.00,139886000
20-Jan-11,2875.00,2950.00,2825.00,2900.00,130485000
19-Jan-11,2800.00,2925.00,2775.00,2875.00,102778000
18-Jan-11,2825.00,2850.00,2725.00,2800.00,135163000
17-Jan-11,2875.00,2900.00,2800.00,2825.00,69765000
14-Jan-11,2925.00,2950.00,2825.00,2875.00,99702000
13-Jan-11,2950.00,3000.00,2900.00,2925.00,128229000
12-Jan-11,2900.00,2975.00,2850.00,2950.00,132824000
11-Jan-11,3000.00,3025.00,2825.00,2900.00,171415000
10-Jan-11,3150.00,3150.00,2900.00,3000.00,149487000
7-Jan-11,3375.00,3375.00,3150.00,3200.00,106550000
6-Jan-11,3450.00,3450.00,3300.00,3350.00,75186000
5-Jan-11,3325.00,3450.00,3275.00,3425.00,74930000
4-Jan-11,3225.00,3325.00,3200.00,3300.00,54219000
3-Jan-11,3300.00,3325.00,3175.00,3225.00,46781000
30-Dec-10,3325.00,3350.00,3200.00,3250.00,23546000
29-Dec-10,3275.00,3325.00,3250.00,3300.00,35024000
28-Dec-10,3250.00,3275.00,3200.00,3225.00,22032000
27-Dec-10,3250.00,3300.00,3200.00,3250.00,44179000
23-Dec-10,3200.00,3225.00,3150.00,3175.00,17933000
22-Dec-10,3225.00,3275.00,3200.00,3200.00,30649000
21-Dec-10,3125.00,3250.00,3125.00,3225.00,42014000
20-Dec-10,3200.00,3200.00,3050.00,3125.00,82088000
17-Dec-10,3200.00,3250.00,3175.00,3200.00,36552000
16-Dec-10,3300.00,3300.00,3200.00,3225.00,42080000
15-Dec-10,3325.00,3375.00,3275.00,3300.00,43297000
14-Dec-10,3250.00,3400.00,3250.00,3350.00,49593000
13-Dec-10,3375.00,3375.00,3225.00,3250.00,42977000
10-Dec-10,3325.00,3375.00,3325.00,3350.00,33895000
9-Dec-10,3375.00,3425.00,3325.00,3375.00,33695000
8-Dec-10,3425.00,3450.00,3350.00,3375.00,44746000
6-Dec-10,3350.00,3425.00,3325.00,3400.00,34511000
3-Dec-10,3400.00,3400.00,3325.00,3350.00,42539000
2-Dec-10,3425.00,3450.00,3350.00,3400.00,55177000
1-Dec-10,3200.00,3375.00,3200.00,3350.00,90427000
30-Nov-10,3400.00,3400.00,3175.00,3200.00,89727000
29-Nov-10,3375.00,3400.00,3275.00,3400.00,16459000
26-Nov-10,3450.00,3475.00,3350.00,3375.00,24789000
25-Nov-10,3475.00,3525.00,3450.00,3475.00,23711000
24-Nov-10,3500.00,3525.00,3375.00,3450.00,42423000
23-Nov-10,3625.00,3625.00,3475.00,3500.00,21386000
22-Nov-10,3575.00,3625.00,3550.00,3625.00,28355000
19-Nov-10,3500.00,3600.00,3500.00,3550.00,27753000
18-Nov-10,3525.00,3550.00,3475.00,3500.00,24808000
16-Nov-10,3500.00,3550.00,3450.00,3525.00,24536000
15-Nov-10,3475.00,3500.00,3425.00,3475.00,17643000
12-Nov-10,3500.00,3550.00,3400.00,3450.00,41179000
11-Nov-10,3600.00,3600.00,3500.00,3550.00,21646000
10-Nov-10,3600.00,3600.00,3500.00,3575.00,19010000
9-Nov-10,3600.00,3600.00,3500.00,3575.00,34406000
8-Nov-10,3625.00,3625.00,3525.00,3575.00,21113000
5-Nov-10,3600.00,3600.00,3575.00,3600.00,32989000
4-Nov-10,3550.00,3575.00,3525.00,3550.00,37247000
3-Nov-10,3550.00,3575.00,3475.00,3500.00,24698000
2-Nov-10,3525.00,3525.00,3450.00,3525.00,44701000
1-Nov-10,3550.00,3575.00,3500.00,3550.00,28189000
29-Oct-10,3500.00,3525.00,3450.00,3500.00,23190000
28-Oct-10,3475.00,3500.00,3450.00,3475.00,20731000
27-Oct-10,3550.00,3575.00,3450.00,3475.00,32446000
26-Oct-10,3450.00,3575.00,3450.00,3575.00,75355000
25-Oct-10,3450.00,3475.00,3400.00,3450.00,40514000
22-Oct-10,3400.00,3425.00,3350.00,3425.00,29601000
21-Oct-10,3425.00,3425.00,3350.00,3400.00,21455000
20-Oct-10,3400.00,3400.00,3350.00,3375.00,39726000
19-Oct-10,3450.00,3450.00,3400.00,3425.00,25903000
18-Oct-10,3475.00,3475.00,3425.00,3450.00,19436000
15-Oct-10,3450.00,3475.00,3400.00,3475.00,46324000
14-Oct-10,3475.00,3500.00,3425.00,3450.00,54503000
13-Oct-10,3425.00,3450.00,3375.00,3450.00,70840000
12-Oct-10,3350.00,3425.00,3350.00,3400.00,51026000
11-Oct-10,3375.00,3425.00,3325.00,3400.00,70268000
8-Oct-10,3500.00,3500.00,3300.00,3350.00,81108000
7-Oct-10,3450.00,3500.00,3400.00,3500.00,25188000
6-Oct-10,3500.00,3525.00,3425.00,3500.00,20767000
5-Oct-10,3475.00,3525.00,3450.00,3475.00,24864000
4-Oct-10,3500.00,3550.00,3475.00,3500.00,53751000
1-Oct-10,3600.00,3600.00,3400.00,3425.00,44257000
30-Sep-10,3500.00,3625.00,3450.00,3600.00,40950000
29-Sep-10,3375.00,3500.00,3375.00,3500.00,45107000
28-Sep-10,3300.00,3425.00,3300.00,3375.00,77006000
27-Sep-10,3300.00,3375.00,3275.00,3325.00,45599000
24-Sep-10,3150.00,3300.00,3100.00,3300.00,73346000
23-Sep-10,3125.00,3175.00,3100.00,3150.00,28947000
22-Sep-10,3175.00,3200.00,3075.00,3125.00,88172000
21-Sep-10,3325.00,3325.00,3125.00,3175.00,82714000
20-Sep-10,3400.00,3400.00,3275.00,3300.00,27740000
17-Sep-10,3375.00,3475.00,3375.00,3450.00,28256000
16-Sep-10,3375.00,3375.00,3275.00,3325.00,32170000
15-Sep-10,3200.00,3475.00,3200.00,3375.00,89467000
7-Sep-10,3125.00,3150.00,3075.00,3150.00,29702000
6-Sep-10,3050.00,3100.00,3025.00,3100.00,57191000
3-Sep-10,2950.00,3025.00,2950.00,3025.00,30345000
2-Sep-10,3025.00,3050.00,2925.00,2950.00,14620000
1-Sep-10,2950.00,3025.00,2900.00,3000.00,41173000
31-Aug-10,2875.00,2950.00,2850.00,2950.00,21942000
30-Aug-10,2975.00,2975.00,2875.00,2900.00,37311000
27-Aug-10,3000.00,3000.00,2900.00,2950.00,22680000
26-Aug-10,3000.00,3025.00,2950.00,3000.00,11789000
25-Aug-10,3000.00,3025.00,2975.00,3000.00,32136000
24-Aug-10,3025.00,3050.00,3000.00,3025.00,35738000
23-Aug-10,3025.00,3025.00,2975.00,3025.00,27566000
20-Aug-10,3000.00,3025.00,2975.00,3000.00,9386000
19-Aug-10,2950.00,3025.00,2950.00,3025.00,46447000
18-Aug-10,3000.00,3025.00,2950.00,2950.00,16698000
16-Aug-10,2950.00,3000.00,2925.00,3000.00,14236000
13-Aug-10,2925.00,3000.00,2925.00,2950.00,27412000
12-Aug-10,2900.00,2950.00,2875.00,2950.00,31466000
11-Aug-10,2950.00,3025.00,2925.00,2950.00,27941000
10-Aug-10,3000.00,3025.00,2950.00,3025.00,21964000
9-Aug-10,3000.00,3025.00,2950.00,3025.00,23876000
6-Aug-10,2950.00,3000.00,2900.00,3000.00,32017000
5-Aug-10,2900.00,2950.00,2875.00,2950.00,41644000
4-Aug-10,2825.00,2925.00,2725.00,2900.00,82308000
3-Aug-10,2975.00,3000.00,2775.00,2825.00,91442000
2-Aug-10,3025.00,3050.00,2900.00,2925.00,40277000
30-Jul-10,3000.00,3050.00,2975.00,3000.00,22568000
29-Jul-10,3000.00,3025.00,2950.00,3025.00,38235000
28-Jul-10,3000.00,3025.00,2975.00,3000.00,47990000
27-Jul-10,3075.00,3075.00,2950.00,3000.00,65708000
26-Jul-10,3075.00,3100.00,3025.00,3075.00,38460000
23-Jul-10,3025.00,3075.00,3025.00,3050.00,30669000
22-Jul-10,3000.00,3050.00,2950.00,3000.00,36272000
21-Jul-10,3050.00,3075.00,2975.00,3025.00,30120000
20-Jul-10,3000.00,3050.00,2950.00,3050.00,22835000
19-Jul-10,2975.00,3000.00,2950.00,3000.00,42947000
16-Jul-10,3075.00,3100.00,3000.00,3050.00,37933000
15-Jul-10,3025.00,3150.00,3000.00,3150.00,52284000
14-Jul-10,3100.00,3100.00,2975.00,3050.00,44085000
13-Jul-10,3075.00,3100.00,3000.00,3050.00,24333000
12-Jul-10,2975.00,3075.00,2975.00,3075.00,42251000
9-Jul-10,2875.00,2950.00,2800.00,2950.00,61667000
8-Jul-10,2900.00,2900.00,2825.00,2875.00,28745000
7-Jul-10,2900.00,2900.00,2800.00,2850.00,17741000
6-Jul-10,2850.00,2925.00,2850.00,2900.00,17815000
5-Jul-10,2875.00,2925.00,2850.00,2900.00,11898000
2-Jul-10,2925.00,3000.00,2825.00,2875.00,31257000
1-Jul-10,3000.00,3025.00,2900.00,2925.00,34711000
30-Jun-10,2900.00,3025.00,2900.00,3000.00,40887000
29-Jun-10,3025.00,3025.00,2900.00,2950.00,34560000
28-Jun-10,3025.00,3050.00,2975.00,3050.00,15611000
25-Jun-10,2875.00,3050.00,2875.00,3000.00,53024000
24-Jun-10,2825.00,2950.00,2800.00,2900.00,27873000
23-Jun-10,2825.00,2875.00,2775.00,2825.00,28184000
22-Jun-10,2925.00,2950.00,2850.00,2875.00,25966000
21-Jun-10,2975.00,3000.00,2875.00,2925.00,70680000
18-Jun-10,2925.00,3050.00,2900.00,2975.00,54986000
17-Jun-10,2800.00,2925.00,2800.00,2875.00,68666000
16-Jun-10,2825.00,2875.00,2800.00,2800.00,59414000
15-Jun-10,2700.00,2775.00,2700.00,2775.00,28180000
14-Jun-10,2750.00,2750.00,2700.00,2725.00,22755000
11-Jun-10,2700.00,2725.00,2675.00,2725.00,59385000
10-Jun-10,2675.00,2700.00,2625.00,2650.00,27198000
9-Jun-10,2700.00,2750.00,2675.00,2725.00,29375000
8-Jun-10,2650.00,2725.00,2650.00,2700.00,16071000
7-Jun-10,2650.00,2725.00,2625.00,2650.00,70339000
4-Jun-10,2700.00,2850.00,2700.00,2775.00,101267000
3-Jun-10,2675.00,2750.00,2675.00,2725.00,38326000
2-Jun-10,2625.00,2650.00,2575.00,2625.00,27964000
1-Jun-10,2625.00,2650.00,2550.00,2575.00,27571000
31-May-10,2525.00,2675.00,2525.00,2675.00,88457000
27-May-10,2488.00,2550.00,2438.00,2525.00,69062000
26-May-10,2425.00,2550.00,2425.00,2550.00,79301000
25-May-10,2475.00,2488.00,2350.00,2425.00,43870000
24-May-10,2525.00,2575.00,2488.00,2500.00,43828000
21-May-10,2475.00,2525.00,2438.00,2500.00,83136000
20-May-10,2575.00,2625.00,2500.00,2600.00,99134000
19-May-10,2675.00,2775.00,2600.00,2625.00,78270000
18-May-10,2725.00,2800.00,2700.00,2775.00,76957000
17-May-10,2650.00,2700.00,2575.00,2700.00,73351000
14-May-10,2650.00,2725.00,2625.00,2700.00,35607000
12-May-10,2600.00,2675.00,2575.00,2650.00,62215000
11-May-10,2750.00,2750.00,2575.00,2600.00,51320000
10-May-10,2600.00,2725.00,2575.00,2725.00,80366000
7-May-10,2550.00,2600.00,2525.00,2575.00,125868000
6-May-10,2625.00,2725.00,2550.00,2650.00,112251000
5-May-10,2800.00,2800.00,2600.00,2650.00,105978000
4-May-10,2850.00,2925.00,2825.00,2850.00,55889000
3-May-10,2850.00,2925.00,2825.00,2875.00,41504000
30-Apr-10,2800.00,2900.00,2750.00,2900.00,131644000
29-Apr-10,2650.00,2775.00,2650.00,2775.00,139147000
28-Apr-10,2600.00,2650.00,2575.00,2650.00,52917000
27-Apr-10,2600.00,2675.00,2600.00,2650.00,40809000
26-Apr-10,2675.00,2675.00,2600.00,2625.00,63926000
23-Apr-10,2650.00,2675.00,2625.00,2650.00,32170000
22-Apr-10,2650.00,2675.00,2625.00,2675.00,51066000
21-Apr-10,2625.00,2700.00,2575.00,2675.00,130455000
20-Apr-10,2550.00,2600.00,2500.00,2600.00,102705000
19-Apr-10,2525.00,2550.00,2488.00,2550.00,30602000
16-Apr-10,2625.00,2625.00,2525.00,2550.00,42685000
15-Apr-10,2650.00,2650.00,2600.00,2625.00,30727000
14-Apr-10,2600.00,2650.00,2600.00,2625.00,40055000
13-Apr-10,2650.00,2650.00,2575.00,2625.00,41268000
12-Apr-10,2575.00,2650.00,2550.00,2650.00,89933000
9-Apr-10,2550.00,2575.00,2475.00,2525.00,87979000
8-Apr-10,2625.00,2625.00,2500.00,2525.00,68855000
7-Apr-10,2650.00,2700.00,2600.00,2625.00,51223000
6-Apr-10,2675.00,2675.00,2575.00,2650.00,59137000
5-Apr-10,2675.00,2675.00,2625.00,2650.00,44560000
1-Apr-10,2650.00,2700.00,2600.00,2625.00,79417000
31-Mar-10,2750.00,2750.00,2575.00,2675.00,60650000
30-Mar-10,2700.00,2800.00,2700.00,2750.00,49376000
29-Mar-10,2700.00,2725.00,2650.00,2700.00,37598000
26-Mar-10,2700.00,2750.00,2700.00,2725.00,24262000
25-Mar-10,2700.00,2825.00,2675.00,2700.00,77434000
24-Mar-10,2600.00,2700.00,2600.00,2700.00,86809000
23-Mar-10,2575.00,2625.00,2550.00,2575.00,64895000
22-Mar-10,2550.00,2575.00,2488.00,2500.00,37023000
19-Mar-10,2550.00,2600.00,2500.00,2600.00,59598000
18-Mar-10,2475.00,2600.00,2475.00,2600.00,199092000
17-Mar-10,2412.00,2475.00,2412.00,2475.00,126962000
15-Mar-10,2362.00,2412.00,2362.00,2400.00,36307000
12-Mar-10,2400.00,2400.00,2362.00,2375.00,30458000
11-Mar-10,2338.00,2400.00,2338.00,2400.00,117658000
10-Mar-10,2325.00,2338.00,2300.00,2338.00,60119000
9-Mar-10,2288.00,2325.00,2275.00,2312.00,70978000
8-Mar-10,2262.00,2300.00,2250.00,2288.00,56904000
5-Mar-10,2250.00,2262.00,2225.00,2225.00,18664000
4-Mar-10,2225.00,2250.00,2200.00,2225.00,54380000
3-Mar-10,2262.00,2275.00,2225.00,2238.00,27464000
2-Mar-10,2288.00,2288.00,2238.00,2250.00,31001000
1-Mar-10,2250.00,2275.00,2225.00,2238.00,19734000
25-Feb-10,2288.00,2288.00,2212.00,2238.00,37834000
24-Feb-10,2275.00,2288.00,2262.00,2275.00,53108000
23-Feb-10,2250.00,2300.00,2225.00,2300.00,64552000
22-Feb-10,2275.00,2288.00,2250.00,2262.00,41099000
19-Feb-10,2225.00,2275.00,2212.00,2262.00,88757000
18-Feb-10,2238.00,2275.00,2225.00,2238.00,47236000
17-Feb-10,2238.00,2250.00,2200.00,2250.00,60475000
16-Feb-10,2188.00,2212.00,2175.00,2212.00,10075000
15-Feb-10,2200.00,2200.00,2162.00,2188.00,19434000
12-Feb-10,2200.00,2225.00,2175.00,2200.00,56580000
11-Feb-10,2200.00,2212.00,2162.00,2200.00,31759000
10-Feb-10,2188.00,2200.00,2162.00,2175.00,63799000
9-Feb-10,2150.00,2188.00,2075.00,2188.00,83764000
8-Feb-10,2200.00,2200.00,2125.00,2162.00,77780000
5-Feb-10,2250.00,2262.00,2200.00,2212.00,90650000
4-Feb-10,2350.00,2350.00,2300.00,2312.00,29872000
3-Feb-10,2350.00,2362.00,2325.00,2338.00,15642000
2-Feb-10,2362.00,2362.00,2325.00,2325.00,30586000
1-Feb-10,2338.00,2362.00,2312.00,2338.00,43035000
29-Jan-10,2312.00,2338.00,2288.00,2338.00,62205000
28-Jan-10,2300.00,2338.00,2300.00,2338.00,19475000
27-Jan-10,2300.00,2312.00,2250.00,2275.00,42995000
26-Jan-10,2350.00,2350.00,2275.00,2300.00,53850000
25-Jan-10,2312.00,2350.00,2300.00,2350.00,32791000
22-Jan-10,2300.00,2338.00,2288.00,2338.00,57277000
21-Jan-10,2388.00,2400.00,2325.00,2350.00,77712000
20-Jan-10,2438.00,2450.00,2400.00,2425.00,38847000
19-Jan-10,2400.00,2450.00,2400.00,2425.00,46169000
18-Jan-10,2400.00,2412.00,2388.00,2400.00,7744000
15-Jan-10,2412.00,2425.00,2400.00,2412.00,25136000
14-Jan-10,2425.00,2438.00,2400.00,2412.00,35517000
13-Jan-10,2400.00,2412.00,2375.00,2400.00,19213000
12-Jan-10,2388.00,2425.00,2362.00,2400.00,60859000
11-Jan-10,2425.00,2425.00,2350.00,2375.00,37924000
8-Jan-10,2362.00,2400.00,2362.00,2388.00,25978000
7-Jan-10,2388.00,2388.00,2325.00,2362.00,58165000
6-Jan-10,2425.00,2450.00,2375.00,2400.00,34385000
5-Jan-10,2475.00,2475.00,2400.00,2438.00,54607000
4-Jan-10,2375.00,2462.00,2362.00,2462.00,104430000
30-Dec-09,2312.00,2362.00,2312.00,2350.00,33143000
29-Dec-09,2312.00,2338.00,2300.00,2300.00,11439000
28-Dec-09,2262.00,2338.00,2262.00,2312.00,32868000
23-Dec-09,2250.00,2288.00,2225.00,2275.00,29569000
22-Dec-09,2250.00,2250.00,2212.00,2238.00,25069000
21-Dec-09,2275.00,2275.00,2188.00,2225.00,84922000
17-Dec-09,2300.00,2300.00,2262.00,2275.00,46517000
16-Dec-09,2288.00,2300.00,2250.00,2275.00,47436000
15-Dec-09,2325.00,2325.00,2238.00,2288.00,58786000
14-Dec-09,2325.00,2338.00,2300.00,2338.00,22197000
11-Dec-09,2325.00,2338.00,2312.00,2338.00,19267000
10-Dec-09,2288.00,2325.00,2288.00,2312.00,38754000
9-Dec-09,2300.00,2300.00,2250.00,2288.00,46211000
8-Dec-09,2288.00,2312.00,2262.00,2300.00,32090000
7-Dec-09,2300.00,2312.00,2262.00,2288.00,35932000
4-Dec-09,2300.00,2312.00,2275.00,2300.00,27239000
3-Dec-09,2312.00,2325.00,2275.00,2312.00,51478000
2-Dec-09,2288.00,2338.00,2288.00,2312.00,74382000
1-Dec-09,2200.00,2275.00,2188.00,2275.00,59526000
30-Nov-09,2200.00,2238.00,2188.00,2225.00,90072000
26-Nov-09,2262.00,2262.00,2150.00,2188.00,132265000
25-Nov-09,2300.00,2312.00,2250.00,2262.00,61616000
24-Nov-09,2350.00,2362.00,2288.00,2288.00,39699000
23-Nov-09,2362.00,2375.00,2312.00,2350.00,37482000
20-Nov-09,2350.00,2375.00,2338.00,2362.00,40334000
19-Nov-09,2412.00,2425.00,2350.00,2362.00,25593000
18-Nov-09,2450.00,2450.00,2375.00,2400.00,27044000
17-Nov-09,2475.00,2475.00,2412.00,2438.00,34948000
16-Nov-09,2375.00,2462.00,2375.00,2462.00,132774000
13-Nov-09,2338.00,2375.00,2325.00,2350.00,20799000
12-Nov-09,2325.00,2375.00,2300.00,2350.00,60710000
11-Nov-09,2300.00,2338.00,2288.00,2325.00,37612000
10-Nov-09,2375.00,2388.00,2312.00,2312.00,47441000
9-Nov-09,2325.00,2362.00,2312.00,2350.00,27608000
6-Nov-09,2312.00,2325.00,2288.00,2312.00,30559000
5-Nov-09,2325.00,2338.00,2262.00,2275.00,38811000
4-Nov-09,2300.00,2350.00,2275.00,2325.00,21509000
3-Nov-09,2375.00,2375.00,2300.00,2300.00,28197000
2-Nov-09,2250.00,2362.00,2225.00,2350.00,55981000
30-Oct-09,2338.00,2425.00,2325.00,2338.00,93715000
29-Oct-09,2200.00,2288.00,2138.00,2288.00,99936000
28-Oct-09,2312.00,2338.00,2212.00,2262.00,59636000
27-Oct-09,2350.00,2350.00,2275.00,2300.00,55068000
26-Oct-09,2325.00,2400.00,2312.00,2375.00,51755000
23-Oct-09,2300.00,2362.00,2275.00,2350.00,63010000
22-Oct-09,2325.00,2350.00,2275.00,2288.00,30762000
21-Oct-09,2350.00,2350.00,2312.00,2325.00,54395000
20-Oct-09,2400.00,2412.00,2350.00,2375.00,69047000
19-Oct-09,2425.00,2425.00,2388.00,2400.00,46572000
16-Oct-09,2450.00,2462.00,2400.00,2438.00,13265000
15-Oct-09,2525.00,2525.00,2425.00,2450.00,34457000
14-Oct-09,2425.00,2475.00,2425.00,2475.00,32516000
13-Oct-09,2400.00,2438.00,2375.00,2400.00,32993000
12-Oct-09,2438.00,2438.00,2375.00,2400.00,19967000
9-Oct-09,2488.00,2488.00,2412.00,2438.00,29366000
8-Oct-09,2550.00,2575.00,2462.00,2488.00,42848000
7-Oct-09,2625.00,2650.00,2450.00,2525.00,65841000
6-Oct-09,2462.00,2575.00,2425.00,2575.00,56234000
5-Oct-09,2388.00,2450.00,2375.00,2438.00,67656000
2-Oct-09,2300.00,2475.00,2300.00,2412.00,62734000
1-Oct-09,2362.00,2412.00,2312.00,2338.00,62392000
30-Sep-09,2250.00,2362.00,2250.00,2350.00,90353000
29-Sep-09,2212.00,2250.00,2200.00,2238.00,45265000
28-Sep-09,2225.00,2225.00,2150.00,2188.00,35739000
25-Sep-09,2250.00,2262.00,2212.00,2262.00,33150000
24-Sep-09,2362.00,2362.00,2262.00,2275.00,76270000
17-Sep-09,2300.00,2475.00,2300.00,2362.00,84533000
16-Sep-09,2275.00,2325.00,2262.00,2275.00,32624000
15-Sep-09,2250.00,2288.00,2225.00,2238.00,40086000
14-Sep-09,2250.00,2300.00,2212.00,2225.00,50167000
11-Sep-09,2262.00,2275.00,2238.00,2262.00,26813000
10-Sep-09,2212.00,2275.00,2212.00,2262.00,105385000
9-Sep-09,2075.00,2212.00,2062.00,2188.00,97755000
8-Sep-09,2075.00,2100.00,2050.00,2075.00,25476000
7-Sep-09,2088.00,2088.00,2038.00,2075.00,18849000
4-Sep-09,2038.00,2100.00,2038.00,2062.00,43041000
3-Sep-09,1988.00,2062.00,1975.00,2025.00,22306000
2-Sep-09,1962.00,2000.00,1938.00,2000.00,46825000
1-Sep-09,2062.00,2075.00,1988.00,1988.00,28125000
31-Aug-09,2062.00,2062.00,2025.00,2050.00,24330000
28-Aug-09,2062.00,2088.00,2038.00,2075.00,17633000
27-Aug-09,2062.00,2062.00,2025.00,2038.00,17853000
26-Aug-09,2100.00,2100.00,2050.00,2075.00,24072000
25-Aug-09,2100.00,2100.00,2038.00,2088.00,42571000
24-Aug-09,2075.00,2100.00,2062.00,2100.00,52465000
21-Aug-09,2000.00,2038.00,1975.00,2038.00,65488000
20-Aug-09,1925.00,2012.00,1925.00,2000.00,88763000
19-Aug-09,1950.00,1988.00,1912.00,1912.00,68906000
18-Aug-09,1900.00,1925.00,1850.00,1925.00,68779000
14-Aug-09,2012.00,2012.00,1938.00,1962.00,77614000
13-Aug-09,1950.00,2012.00,1938.00,2000.00,127769000
12-Aug-09,1962.00,1962.00,1888.00,1912.00,80664000
11-Aug-09,1950.00,2000.00,1925.00,1975.00,76491000
10-Aug-09,1988.00,1988.00,1950.00,1975.00,52915000
7-Aug-09,1988.00,2038.00,1938.00,1950.00,76914000
6-Aug-09,2000.00,2025.00,1925.00,1975.00,69095000
5-Aug-09,2100.00,2100.00,1988.00,2000.00,75355000
4-Aug-09,2138.00,2162.00,2100.00,2112.00,60597000
3-Aug-09,2100.00,2138.00,2062.00,2125.00,58516000
31-Jul-09,1975.00,2138.00,1975.00,2088.00,155421000
30-Jul-09,1850.00,1975.00,1850.00,1962.00,142822000
29-Jul-09,1838.00,1862.00,1812.00,1850.00,77141000
28-Jul-09,1800.00,1850.00,1800.00,1838.00,86854000
27-Jul-09,1850.00,1862.00,1762.00,1800.00,59081000
24-Jul-09,1812.00,1838.00,1788.00,1825.00,67782000
23-Jul-09,1775.00,1825.00,1762.00,1788.00,101342000
22-Jul-09,1775.00,1788.00,1750.00,1788.00,77973000
21-Jul-09,1725.00,1800.00,1712.00,1775.00,208737000
17-Jul-09,1650.00,1700.00,1612.00,1688.00,107300000
16-Jul-09,1675.00,1712.00,1662.00,1688.00,215098000
15-Jul-09,1650.00,1650.00,1612.00,1650.00,89974000
14-Jul-09,1650.00,1675.00,1625.00,1650.00,50385000
13-Jul-09,1638.00,1638.00,1562.00,1612.00,50899000
10-Jul-09,1662.00,1700.00,1638.00,1650.00,118240000
9-Jul-09,1700.00,1700.00,1575.00,1650.00,282728000
7-Jul-09,1600.00,1675.00,1600.00,1650.00,110911000
6-Jul-09,1625.00,1625.00,1562.00,1600.00,27640000
3-Jul-09,1588.00,1638.00,1575.00,1625.00,27290000
2-Jul-09,1638.00,1662.00,1600.00,1625.00,33524000
1-Jul-09,1575.00,1650.00,1575.00,1625.00,72920000
30-Jun-09,1638.00,1650.00,1562.00,1588.00,37462000
29-Jun-09,1625.00,1625.00,1575.00,1612.00,35586000
26-Jun-09,1688.00,1688.00,1575.00,1625.00,38899000
25-Jun-09,1638.00,1662.00,1625.00,1650.00,58369000
24-Jun-09,1550.00,1638.00,1550.00,1612.00,40203000
23-Jun-09,1562.00,1575.00,1500.00,1562.00,71964000
22-Jun-09,1638.00,1675.00,1575.00,1612.00,76542000
19-Jun-09,1525.00,1612.00,1488.00,1612.00,64185000
18-Jun-09,1588.00,1600.00,1475.00,1500.00,47950000
17-Jun-09,1588.00,1600.00,1550.00,1588.00,70407000
16-Jun-09,1612.00,1612.00,1538.00,1600.00,65067000
15-Jun-09,1625.00,1688.00,1612.00,1638.00,59126000
12-Jun-09,1712.00,1712.00,1625.00,1650.00,70310000
11-Jun-09,1738.00,1750.00,1688.00,1712.00,55518000
10-Jun-09,1812.00,1812.00,1725.00,1738.00,51266000
9-Jun-09,1750.00,1875.00,1750.00,1812.00,88687000
8-Jun-09,1750.00,1788.00,1712.00,1725.00,33331000
5-Jun-09,1712.00,1800.00,1712.00,1788.00,170307000
4-Jun-09,1638.00,1700.00,1638.00,1688.00,61756000
3-Jun-09,1650.00,1675.00,1612.00,1650.00,81541000
2-Jun-09,1650.00,1662.00,1625.00,1638.00,80148000
1-Jun-09,1512.00,1638.00,1512.00,1638.00,249417000
29-May-09,1438.00,1538.00,1438.00,1488.00,231857000
28-May-09,1400.00,1425.00,1400.00,1412.00,61351000
27-May-09,1375.00,1425.00,1362.00,1425.00,165343000
26-May-09,1400.00,1438.00,1362.00,1375.00,103924000
25-May-09,1400.00,1412.00,1375.00,1400.00,37213000
22-May-09,1450.00,1450.00,1350.00,1400.00,106148000
20-May-09,1400.00,1525.00,1388.00,1412.00,375375000
19-May-09,1325.00,1400.00,1300.00,1388.00,232138000
18-May-09,1325.00,1325.00,1212.00,1288.00,101363000
15-May-09,1350.00,1412.00,1275.00,1325.00,74850000
14-May-09,1350.00,1350.00,1300.00,1300.00,23430000
13-May-09,1350.00,1375.00,1338.00,1362.00,51548000
12-May-09,1350.00,1350.00,1300.00,1338.00,45039000
11-May-09,1425.00,1450.00,1362.00,1362.00,74967000
8-May-09,1412.00,1438.00,1388.00,1412.00,68609000
7-May-09,1400.00,1438.00,1388.00,1412.00,93839000
6-May-09,1425.00,1425.00,1350.00,1375.00,97442000
5-May-09,1500.00,1500.00,1400.00,1438.00,97814000
4-May-09,1425.00,1488.00,1412.00,1475.00,133177000
1-May-09,1375.00,1425.00,1325.00,1425.00,70526000
30-Apr-09,1325.00,1438.00,1312.00,1388.00,111598000
29-Apr-09,1250.00,1312.00,1238.00,1300.00,44472000
28-Apr-09,1250.00,1275.00,1225.00,1238.00,24315000
27-Apr-09,1225.00,1250.00,1200.00,1250.00,20118000
24-Apr-09,1225.00,1250.00,1200.00,1225.00,38513000
23-Apr-09,1238.00,1238.00,1200.00,1225.00,22915000
22-Apr-09,1250.00,1288.00,1238.00,1238.00,45983000
21-Apr-09,1250.00,1275.00,1225.00,1250.00,42121000
20-Apr-09,1225.00,1300.00,1225.00,1300.00,72817000
17-Apr-09,1162.00,1262.00,1162.00,1238.00,217436000
16-Apr-09,1188.00,1225.00,1112.00,1138.00,147991000
15-Apr-09,1175.00,1200.00,1150.00,1175.00,43346000
14-Apr-09,1150.00,1200.00,1138.00,1188.00,135614000
13-Apr-09,1100.00,1175.00,1100.00,1150.00,75519000
8-Apr-09,1100.00,1100.00,1062.00,1075.00,36392000
7-Apr-09,1150.00,1150.00,1075.00,1125.00,44669000
6-Apr-09,1200.00,1212.00,1138.00,1162.00,46351000
3-Apr-09,1200.00,1238.00,1150.00,1188.00,78363000
2-Apr-09,1162.00,1200.00,1138.00,1200.00,64049000
1-Apr-09,1112.00,1150.00,1100.00,1125.00,61293000
31-Mar-09,1025.00,1138.00,1025.00,1088.00,106293000
30-Mar-09,1075.00,1075.00,995.00,1025.00,46283000
27-Mar-09,1088.00,1100.00,1075.00,1075.00,23439000
25-Mar-09,1075.00,1100.00,1050.00,1050.00,26039000
24-Mar-09,1100.00,1125.00,1050.00,1088.00,126108000
23-Mar-09,975.00,1075.00,975.00,1075.00,142235000
20-Mar-09,950.00,980.00,950.00,970.00,61808000
19-Mar-09,950.00,960.00,945.00,955.00,37578000
18-Mar-09,930.00,955.00,925.00,950.00,50745000
17-Mar-09,930.00,940.00,910.00,930.00,62528000
16-Mar-09,925.00,935.00,910.00,930.00,27661000
13-Mar-09,925.00,930.00,915.00,920.00,57220000
12-Mar-09,925.00,925.00,905.00,915.00,73342000
11-Mar-09,910.00,940.00,905.00,925.00,161849000
10-Mar-09,880.00,900.00,875.00,900.00,20971000
6-Mar-09,875.00,885.00,870.00,880.00,18893000
5-Mar-09,905.00,905.00,875.00,880.00,30777000
4-Mar-09,870.00,900.00,870.00,900.00,31310000
3-Mar-09,840.00,875.00,840.00,875.00,19225000
2-Mar-09,870.00,875.00,850.00,850.00,36785000
27-Feb-09,870.00,880.00,860.00,870.00,19206000
26-Feb-09,890.00,890.00,865.00,880.00,21400000
25-Feb-09,880.00,895.00,880.00,890.00,30355000
24-Feb-09,880.00,880.00,870.00,870.00,12403000
23-Feb-09,885.00,895.00,875.00,890.00,16071000
20-Feb-09,905.00,910.00,870.00,885.00,48026000
19-Feb-09,885.00,915.00,880.00,915.00,117645000
18-Feb-09,850.00,890.00,845.00,885.00,62219000
17-Feb-09,865.00,865.00,845.00,855.00,34005000
16-Feb-09,870.00,875.00,860.00,865.00,49252000
13-Feb-09,900.00,900.00,860.00,870.00,162555000
12-Feb-09,870.00,895.00,870.00,890.00,46255000
11-Feb-09,865.00,875.00,850.00,870.00,20028000
10-Feb-09,885.00,890.00,865.00,875.00,35294000
9-Feb-09,910.00,910.00,885.00,885.00,21630000
6-Feb-09,895.00,915.00,890.00,900.00,72358000
5-Feb-09,890.00,895.00,885.00,895.00,12643000
4-Feb-09,900.00,910.00,885.00,890.00,39102000
3-Feb-09,900.00,905.00,890.00,890.00,40420000
2-Feb-09,910.00,915.00,880.00,890.00,51862000
30-Jan-09,905.00,920.00,905.00,910.00,26257000
29-Jan-09,915.00,920.00,900.00,915.00,114589000
28-Jan-09,905.00,905.00,895.00,900.00,34685000
27-Jan-09,900.00,910.00,890.00,895.00,58376000
23-Jan-09,900.00,905.00,885.00,890.00,14164000
22-Jan-09,915.00,930.00,890.00,900.00,65404000
21-Jan-09,940.00,955.00,890.00,890.00,110428000
20-Jan-09,945.00,960.00,930.00,960.00,24543000
19-Jan-09,990.00,990.00,945.00,955.00,35570000
16-Jan-09,985.00,985.00,955.00,975.00,44445000
15-Jan-09,950.00,988.00,925.00,975.00,29950000
14-Jan-09,1062.00,1062.00,988.00,1000.00,46803000
13-Jan-09,965.00,1050.00,945.00,1040.00,144300000
12-Jan-09,950.00,965.00,940.00,965.00,75357000
9-Jan-09,988.00,1000.00,962.00,975.00,78360000
8-Jan-09,1000.00,1038.00,988.00,1000.00,44678000
7-Jan-09,1125.00,1125.00,1038.00,1050.00,177935000
6-Jan-09,1100.00,1138.00,1062.00,1088.00,57351000
5-Jan-09,1050.00,1112.00,1038.00,1100.00,74847000
30-Dec-08,1025.00,1050.00,1012.00,1012.00,27599000
26-Dec-08,975.00,1012.00,975.00,1012.00,5111000
24-Dec-08,1000.00,1025.00,962.00,1000.00,23672000
23-Dec-08,1012.00,1012.00,988.00,1000.00,12848000
22-Dec-08,1038.00,1038.00,988.00,1025.00,39507000
19-Dec-08,1062.00,1075.00,1000.00,1025.00,69866000
18-Dec-08,1075.00,1088.00,1025.00,1062.00,27565000
17-Dec-08,1100.00,1125.00,1025.00,1075.00,108229000
16-Dec-08,1100.00,1100.00,1038.00,1062.00,76462000
15-Dec-08,950.00,1080.00,950.00,1080.00,88259000
12-Dec-08,1000.00,1025.00,912.00,912.00,48461000
11-Dec-08,970.00,1075.00,970.00,1005.00,132306000
10-Dec-08,950.00,990.00,930.00,970.00,69888000
9-Dec-08,855.00,925.00,855.00,925.00,92579000
5-Dec-08,795.00,840.00,795.00,820.00,77374000
4-Dec-08,755.00,815.00,755.00,800.00,142559000
3-Dec-08,725.00,750.00,725.00,745.00,104655000
2-Dec-08,695.00,725.00,690.00,715.00,117214000
1-Dec-08,750.00,765.00,730.00,735.00,151121000
28-Nov-08,750.00,770.00,720.00,745.00,380068000
27-Nov-08,685.00,735.00,680.00,735.00,466526000
26-Nov-08,645.00,680.00,645.00,670.00,359818000
25-Nov-08,660.00,680.00,640.00,645.00,104003000
24-Nov-08,685.00,685.00,625.00,635.00,44157000
21-Nov-08,635.00,680.00,620.00,665.00,66292000
20-Nov-08,725.00,725.00,670.00,670.00,84690000
19-Nov-08,765.00,765.00,710.00,740.00,42770000
18-Nov-08,825.00,825.00,765.00,770.00,54058000
17-Nov-08,860.00,885.00,825.00,845.00,19209000
14-Nov-08,935.00,965.00,875.00,875.00,20595000
13-Nov-08,940.00,945.00,885.00,900.00,27563000
12-Nov-08,940.00,985.00,940.00,970.00,19281000
11-Nov-08,930.00,965.00,930.00,960.00,22382000
10-Nov-08,955.00,985.00,930.00,955.00,31253000
7-Nov-08,850.00,925.00,815.00,925.00,35688000
6-Nov-08,890.00,895.00,855.00,860.00,39065000
5-Nov-08,975.00,1025.00,925.00,950.00,53366000
4-Nov-08,960.00,1015.00,920.00,940.00,55971000
3-Nov-08,800.00,935.00,800.00,935.00,44192000
31-Oct-08,670.00,780.00,650.00,780.00,175177000
30-Oct-08,600.00,650.00,600.00,650.00,157741000
29-Oct-08,635.00,650.00,570.00,595.00,78096000
28-Oct-08,605.00,645.00,605.00,605.00,76436000
27-Oct-08,675.00,690.00,670.00,670.00,23666000
24-Oct-08,800.00,800.00,740.00,740.00,56912000
23-Oct-08,825.00,835.00,805.00,820.00,50509000
22-Oct-08,975.00,975.00,890.00,890.00,46087000
21-Oct-08,995.00,1010.00,960.00,985.00,55318000
20-Oct-08,890.00,990.00,860.00,955.00,66103000
17-Oct-08,1050.00,1050.00,938.00,938.00,101745000
16-Oct-08,988.00,1038.00,988.00,1038.00,59768000
15-Oct-08,1138.00,1188.00,1062.00,1088.00,70349000
14-Oct-08,1150.00,1188.00,1125.00,1175.00,188389000
13-Oct-08,1038.00,1162.00,1038.00,1088.00,204136000
8-Oct-08,1200.00,1212.00,1138.00,1150.00,49403000
7-Oct-08,1225.00,1262.00,1225.00,1250.00,79991000
6-Oct-08,1275.00,1275.00,1212.00,1250.00,126663000
29-Sep-08,1312.00,1325.00,1288.00,1325.00,14667000
26-Sep-08,1325.00,1338.00,1288.00,1312.00,19376000
25-Sep-08,1338.00,1338.00,1300.00,1312.00,61756000
24-Sep-08,1375.00,1400.00,1338.00,1350.00,43627000
23-Sep-08,1350.00,1400.00,1350.00,1388.00,80352000
22-Sep-08,1375.00,1400.00,1350.00,1400.00,71621000
19-Sep-08,1312.00,1362.00,1312.00,1338.00,58761000
18-Sep-08,1238.00,1300.00,1175.00,1262.00,96437000
17-Sep-08,1250.00,1288.00,1238.00,1275.00,136289000
16-Sep-08,1075.00,1225.00,988.00,1212.00,108526000
15-Sep-08,1212.00,1212.00,1100.00,1125.00,45398000
12-Sep-08,1300.00,1300.00,1162.00,1225.00,88907000
11-Sep-08,1338.00,1338.00,1288.00,1312.00,28758000
10-Sep-08,1325.00,1350.00,1312.00,1338.00,82366000
9-Sep-08,1362.00,1362.00,1325.00,1325.00,30155000
8-Sep-08,1400.00,1412.00,1350.00,1362.00,53617000
5-Sep-08,1350.00,1375.00,1325.00,1362.00,68489000
4-Sep-08,1425.00,1425.00,1388.00,1400.00,30161000
3-Sep-08,1450.00,1462.00,1425.00,1425.00,56502000
2-Sep-08,1400.00,1462.00,1388.00,1462.00,90948000
1-Sep-08,1400.00,1412.00,1375.00,1400.00,56464000
29-Aug-08,1412.00,1425.00,1388.00,1412.00,20717000
28-Aug-08,1412.00,1425.00,1388.00,1400.00,34029000
27-Aug-08,1400.00,1412.00,1388.00,1400.00,24619000
26-Aug-08,1388.00,1412.00,1375.00,1400.00,13508000
25-Aug-08,1438.00,1450.00,1388.00,1425.00,25682000
22-Aug-08,1412.00,1438.00,1388.00,1425.00,48289000
21-Aug-08,1450.00,1450.00,1412.00,1412.00,25723000
20-Aug-08,1400.00,1475.00,1400.00,1462.00,25372000
19-Aug-08,1450.00,1462.00,1400.00,1400.00,32354000
15-Aug-08,1425.00,1475.00,1425.00,1450.00,44157000
14-Aug-08,1438.00,1450.00,1412.00,1438.00,18387000
13-Aug-08,1338.00,1450.00,1338.00,1438.00,61693000
12-Aug-08,1412.00,1425.00,1325.00,1375.00,90264000
11-Aug-08,1475.00,1488.00,1400.00,1412.00,29630000
8-Aug-08,1488.00,1500.00,1450.00,1462.00,21992000
7-Aug-08,1512.00,1512.00,1475.00,1500.00,30882000
6-Aug-08,1562.00,1562.00,1500.00,1512.00,86044000
5-Aug-08,1525.00,1575.00,1500.00,1538.00,76448000
4-Aug-08,1462.00,1538.00,1462.00,1538.00,98536000
1-Aug-08,1475.00,1512.00,1462.00,1488.00,68704000
31-Jul-08,1500.00,1525.00,1475.00,1488.00,90300000
29-Jul-08,1425.00,1462.00,1425.00,1462.00,39821000
28-Jul-08,1450.00,1488.00,1438.00,1450.00,51024000
25-Jul-08,1462.00,1475.00,1438.00,1450.00,49413000
24-Jul-08,1462.00,1500.00,1425.00,1500.00,214161000
23-Jul-08,1400.00,1450.00,1388.00,1450.00,196363000
22-Jul-08,1388.00,1400.00,1362.00,1388.00,16757000
21-Jul-08,1362.00,1400.00,1350.00,1388.00,47415000
18-Jul-08,1338.00,1362.00,1338.00,1350.00,86222000
17-Jul-08,1350.00,1362.00,1312.00,1325.00,63488000
16-Jul-08,1338.00,1375.00,1312.00,1312.00,61454000
15-Jul-08,1400.00,1400.00,1338.00,1350.00,22724000
14-Jul-08,1425.00,1450.00,1412.00,1412.00,43494000
11-Jul-08,1412.00,1438.00,1400.00,1425.00,93333000
10-Jul-08,1375.00,1400.00,1362.00,1400.00,61609000
9-Jul-08,1362.00,1400.00,1362.00,1388.00,66648000
8-Jul-08,1312.00,1350.00,1312.00,1350.00,39591000
7-Jul-08,1325.00,1338.00,1312.00,1325.00,9342000
4-Jul-08,1312.00,1350.00,1312.00,1325.00,12889000
3-Jul-08,1350.00,1350.00,1312.00,1312.00,66072000
2-Jul-08,1325.00,1400.00,1325.00,1362.00,126358000
1-Jul-08,1312.00,1338.00,1312.00,1325.00,25438000
30-Jun-08,1300.00,1325.00,1288.00,1300.00,22101000
27-Jun-08,1325.00,1338.00,1288.00,1300.00,28216000
26-Jun-08,1350.00,1375.00,1338.00,1350.00,40146000
25-Jun-08,1338.00,1350.00,1325.00,1338.00,36640000
24-Jun-08,1312.00,1350.00,1288.00,1350.00,72779000
23-Jun-08,1312.00,1325.00,1288.00,1312.00,47533000
20-Jun-08,1350.00,1350.00,1325.00,1338.00,58485000
19-Jun-08,1425.00,1438.00,1400.00,1412.00,59469000
18-Jun-08,1412.00,1438.00,1412.00,1425.00,34764000
17-Jun-08,1412.00,1425.00,1400.00,1412.00,25236000
16-Jun-08,1412.00,1425.00,1400.00,1412.00,57866000
13-Jun-08,1412.00,1412.00,1375.00,1400.00,38368000
12-Jun-08,1388.00,1412.00,1375.00,1412.00,45919000
11-Jun-08,1350.00,1412.00,1350.00,1400.00,68621000
10-Jun-08,1388.00,1388.00,1338.00,1350.00,107944000
9-Jun-08,1362.00,1412.00,1362.00,1388.00,71065000
6-Jun-08,1450.00,1450.00,1400.00,1412.00,42044000
5-Jun-08,1400.00,1438.00,1388.00,1425.00,57446000
4-Jun-08,1412.00,1412.00,1388.00,1400.00,24930000
3-Jun-08,1400.00,1425.00,1400.00,1412.00,35633000
2-Jun-08,1450.00,1462.00,1412.00,1425.00,33927000
30-May-08,1462.00,1488.00,1425.00,1450.00,62774000
29-May-08,1438.00,1462.00,1375.00,1450.00,203738000
28-May-08,1388.00,1425.00,1350.00,1412.00,86472000
27-May-08,1375.00,1438.00,1362.00,1375.00,77360000
26-May-08,1388.00,1400.00,1375.00,1388.00,13379000
23-May-08,1438.00,1450.00,1400.00,1412.00,34442000
22-May-08,1412.00,1438.00,1412.00,1438.00,30260000
21-May-08,1462.00,1475.00,1425.00,1462.00,37392000
19-May-08,1488.00,1500.00,1462.00,1488.00,25407000
16-May-08,1525.00,1525.00,1488.00,1488.00,19051000
15-May-08,1512.00,1538.00,1488.00,1500.00,86257000
14-May-08,1450.00,1500.00,1450.00,1500.00,107546000
13-May-08,1450.00,1462.00,1412.00,1450.00,87595000
12-May-08,1425.00,1438.00,1400.00,1438.00,32021000
9-May-08,1425.00,1450.00,1400.00,1438.00,34527000
8-May-08,1438.00,1450.00,1388.00,1425.00,77008000
7-May-08,1512.00,1512.00,1450.00,1450.00,84306000
6-May-08,1538.00,1538.00,1488.00,1512.00,77619000
5-May-08,1562.00,1562.00,1512.00,1538.00,116271000
2-May-08,1450.00,1550.00,1450.00,1550.00,203011000
30-Apr-08,1412.00,1450.00,1412.00,1438.00,117700000
29-Apr-08,1375.00,1438.00,1375.00,1412.00,180798000
28-Apr-08,1325.00,1350.00,1300.00,1350.00,66202000
25-Apr-08,1338.00,1350.00,1300.00,1312.00,91211000
24-Apr-08,1375.00,1375.00,1325.00,1325.00,117729000
23-Apr-08,1375.00,1375.00,1338.00,1362.00,51833000
22-Apr-08,1388.00,1388.00,1362.00,1375.00,79490000
21-Apr-08,1425.00,1438.00,1388.00,1388.00,88415000
18-Apr-08,1388.00,1425.00,1375.00,1412.00,141055000
17-Apr-08,1412.00,1425.00,1375.00,1400.00,106127000
16-Apr-08,1400.00,1425.00,1388.00,1388.00,107468000
15-Apr-08,1400.00,1412.00,1375.00,1388.00,57961000
14-Apr-08,1425.00,1425.00,1375.00,1400.00,51559000
11-Apr-08,1400.00,1462.00,1388.00,1462.00,99681000
10-Apr-08,1325.00,1375.00,1325.00,1375.00,129296000
9-Apr-08,1388.00,1412.00,1300.00,1325.00,116969000
8-Apr-08,1500.00,1500.00,1388.00,1400.00,66170000
7-Apr-08,1550.00,1550.00,1488.00,1488.00,31511000
4-Apr-08,1512.00,1525.00,1488.00,1512.00,62372000
3-Apr-08,1588.00,1588.00,1500.00,1512.00,254544000
2-Apr-08,1562.00,1612.00,1562.00,1575.00,148290000
1-Apr-08,1600.00,1600.00,1512.00,1538.00,111321000
31-Mar-08,1562.00,1588.00,1550.00,1575.00,46842000
28-Mar-08,1588.00,1600.00,1562.00,1575.00,40750000
27-Mar-08,1588.00,1588.00,1550.00,1588.00,43043000
26-Mar-08,1550.00,1625.00,1550.00,1600.00,57560000
25-Mar-08,1575.00,1612.00,1550.00,1575.00,89334000
24-Mar-08,1500.00,1562.00,1500.00,1562.00,67913000
19-Mar-08,1550.00,1550.00,1488.00,1500.00,110837000
18-Mar-08,1550.00,1562.00,1475.00,1512.00,122196000
17-Mar-08,1425.00,1538.00,1375.00,1538.00,126754000
14-Mar-08,1538.00,1562.00,1500.00,1500.00,78560000
13-Mar-08,1575.00,1625.00,1500.00,1512.00,178843000
12-Mar-08,1612.00,1638.00,1575.00,1575.00,102179000
11-Mar-08,1500.00,1575.00,1462.00,1562.00,66147000
10-Mar-08,1562.00,1562.00,1488.00,1500.00,100236000
6-Mar-08,1588.00,1612.00,1575.00,1588.00,38937000
5-Mar-08,1575.00,1588.00,1550.00,1575.00,23314000
4-Mar-08,1600.00,1625.00,1562.00,1562.00,57234000
3-Mar-08,1600.00,1625.00,1575.00,1600.00,68847000
29-Feb-08,1650.00,1662.00,1625.00,1638.00,42260000
28-Feb-08,1625.00,1662.00,1625.00,1662.00,61433000
27-Feb-08,1662.00,1662.00,1612.00,1625.00,50326000
26-Feb-08,1688.00,1688.00,1638.00,1638.00,39758000
25-Feb-08,1700.00,1700.00,1662.00,1675.00,39926000
22-Feb-08,1662.00,1688.00,1650.00,1688.00,34901000
21-Feb-08,1688.00,1700.00,1662.00,1675.00,56083000
20-Feb-08,1688.00,1688.00,1650.00,1675.00,97987000
19-Feb-08,1662.00,1700.00,1650.00,1688.00,138336000
18-Feb-08,1638.00,1675.00,1625.00,1638.00,57563000
15-Feb-08,1625.00,1675.00,1612.00,1662.00,59422000
14-Feb-08,1662.00,1675.00,1638.00,1650.00,46800000
13-Feb-08,1650.00,1650.00,1612.00,1625.00,48033000
12-Feb-08,1650.00,1662.00,1588.00,1612.00,53863000
11-Feb-08,1662.00,1675.00,1612.00,1625.00,78822000
6-Feb-08,1650.00,1662.00,1625.00,1662.00,104842000
5-Feb-08,1688.00,1738.00,1675.00,1725.00,140267000
4-Feb-08,1700.00,1725.00,1662.00,1700.00,106652000
1-Feb-08,1688.00,1712.00,1650.00,1675.00,132793000
31-Jan-08,1650.00,1675.00,1625.00,1662.00,176368000
30-Jan-08,1675.00,1675.00,1612.00,1625.00,128643000
29-Jan-08,1612.00,1650.00,1612.00,1638.00,142736000
28-Jan-08,1588.00,1612.00,1562.00,1575.00,86883000
25-Jan-08,1575.00,1650.00,1575.00,1650.00,184237000
24-Jan-08,1538.00,1588.00,1525.00,1550.00,178676000
23-Jan-08,1425.00,1512.00,1400.00,1488.00,186185000
22-Jan-08,1312.00,1350.00,1275.00,1312.00,181278000
21-Jan-08,1500.00,1512.00,1400.00,1425.00,125816000
18-Jan-08,1500.00,1550.00,1475.00,1525.00,99696000
17-Jan-08,1512.00,1575.00,1488.00,1562.00,106297000
16-Jan-08,1562.00,1562.00,1462.00,1512.00,193206000
15-Jan-08,1675.00,1688.00,1588.00,1600.00,98836000
14-Jan-08,1688.00,1688.00,1650.00,1662.00,80117000
9-Jan-08,1675.00,1712.00,1675.00,1700.00,60767000
8-Jan-08,1700.00,1712.00,1675.00,1688.00,27021000
7-Jan-08,1650.00,1712.00,1650.00,1700.00,31024000
4-Jan-08,1688.00,1712.00,1675.00,1700.00,61699000
3-Jan-08,1725.00,1725.00,1675.00,1688.00,43217000
2-Jan-08,1750.00,1775.00,1712.00,1750.00,55780000
28-Dec-07,1750.00,1762.00,1725.00,1750.00,43218000
27-Dec-07,1738.00,1775.00,1712.00,1762.00,69621000
26-Dec-07,1688.00,1738.00,1675.00,1738.00,53602000
19-Dec-07,1650.00,1662.00,1638.00,1662.00,49439000
18-Dec-07,1650.00,1662.00,1612.00,1650.00,147850000
17-Dec-07,1700.00,1712.00,1612.00,1650.00,157794000
14-Dec-07,1725.00,1738.00,1700.00,1712.00,37549000
13-Dec-07,1775.00,1775.00,1712.00,1725.00,54422000
12-Dec-07,1762.00,1788.00,1750.00,1775.00,80991000
11-Dec-07,1800.00,1812.00,1788.00,1800.00,70253000
10-Dec-07,1775.00,1812.00,1775.00,1788.00,88430000
7-Dec-07,1875.00,1875.00,1775.00,1775.00,119253000
6-Dec-07,1862.00,1888.00,1838.00,1850.00,232292000
5-Dec-07,1812.00,1850.00,1788.00,1850.00,144976000
4-Dec-07,1812.00,1838.00,1800.00,1825.00,74506000
3-Dec-07,1800.00,1825.00,1788.00,1825.00,78539000
30-Nov-07,1775.00,1800.00,1775.00,1775.00,93558000
29-Nov-07,1762.00,1825.00,1750.00,1762.00,206217000
28-Nov-07,1738.00,1750.00,1712.00,1725.00,89038000
27-Nov-07,1700.00,1738.00,1688.00,1725.00,73391000
26-Nov-07,1700.00,1750.00,1688.00,1750.00,91807000
23-Nov-07,1700.00,1700.00,1662.00,1675.00,31758000
22-Nov-07,1638.00,1700.00,1638.00,1675.00,78454000
21-Nov-07,1738.00,1738.00,1662.00,1675.00,127387000
20-Nov-07,1688.00,1762.00,1650.00,1750.00,227131000
19-Nov-07,1750.00,1788.00,1725.00,1738.00,80147000
16-Nov-07,1738.00,1750.00,1700.00,1738.00,95068000
15-Nov-07,1800.00,1812.00,1762.00,1775.00,198792000
14-Nov-07,1812.00,1838.00,1788.00,1812.00,316748000
13-Nov-07,1662.00,1775.00,1662.00,1762.00,504430000
12-Nov-07,1675.00,1700.00,1638.00,1662.00,230302000
9-Nov-07,1700.00,1725.00,1625.00,1700.00,571596000
8-Nov-07,1750.00,1750.00,1675.00,1700.00,379245000
7-Nov-07,1838.00,1850.00,1788.00,1788.00,112630000
6-Nov-07,1788.00,1838.00,1788.00,1825.00,85667000
5-Nov-07,1862.00,1875.00,1788.00,1812.00,74577000
2-Nov-07,1838.00,1888.00,1838.00,1862.00,97656000
1-Nov-07,1925.00,1950.00,1875.00,1900.00,150413000
31-Oct-07,1950.00,1950.00,1875.00,1888.00,118444000
30-Oct-07,2000.00,2012.00,1938.00,1962.00,144606000
29-Oct-07,1950.00,2025.00,1950.00,2000.00,237577000
26-Oct-07,1938.00,1975.00,1912.00,1938.00,163399000
25-Oct-07,1825.00,1925.00,1800.00,1925.00,147491000
24-Oct-07,1850.00,1875.00,1775.00,1800.00,96702000
23-Oct-07,1750.00,1838.00,1750.00,1825.00,91870000
22-Oct-07,1750.00,1775.00,1712.00,1725.00,96552000
19-Oct-07,1888.00,1888.00,1812.00,1812.00,81590000
18-Oct-07,1938.00,1962.00,1900.00,1900.00,39340000
17-Oct-07,1962.00,1962.00,1912.00,1938.00,92072000
11-Oct-07,1950.00,1975.00,1938.00,1975.00,47714000
10-Oct-07,1950.00,1975.00,1938.00,1950.00,96197000
9-Oct-07,1925.00,1938.00,1912.00,1938.00,60907000
8-Oct-07,1838.00,1938.00,1838.00,1938.00,306209000
5-Oct-07,1838.00,1838.00,1812.00,1825.00,70127000
4-Oct-07,1800.00,1850.00,1788.00,1838.00,130371000
3-Oct-07,1825.00,1850.00,1775.00,1788.00,150221000
2-Oct-07,1800.00,1838.00,1800.00,1825.00,180165000
1-Oct-07,1762.00,1800.00,1762.00,1788.00,55183000
28-Sep-07,1788.00,1800.00,1750.00,1762.00,75537000
27-Sep-07,1800.00,1812.00,1775.00,1788.00,91671000
26-Sep-07,1725.00,1788.00,1725.00,1788.00,152531000
25-Sep-07,1738.00,1750.00,1712.00,1725.00,63299000
24-Sep-07,1712.00,1762.00,1700.00,1762.00,148394000
21-Sep-07,1675.00,1712.00,1662.00,1712.00,65215000
20-Sep-07,1700.00,1712.00,1662.00,1675.00,162928000
19-Sep-07,1650.00,1700.00,1625.00,1700.00,335690000
18-Sep-07,1588.00,1612.00,1575.00,1600.00,31668000
17-Sep-07,1575.00,1612.00,1575.00,1588.00,96705000
14-Sep-07,1575.00,1588.00,1550.00,1575.00,34202000
13-Sep-07,1550.00,1562.00,1538.00,1562.00,19483000
12-Sep-07,1575.00,1575.00,1538.00,1562.00,45083000
11-Sep-07,1575.00,1575.00,1550.00,1562.00,28338000
10-Sep-07,1550.00,1575.00,1550.00,1562.00,92332000
7-Sep-07,1600.00,1625.00,1588.00,1600.00,47624000
6-Sep-07,1588.00,1612.00,1575.00,1588.00,60268000
5-Sep-07,1600.00,1612.00,1575.00,1612.00,58488000
4-Sep-07,1612.00,1612.00,1575.00,1588.00,46964000
3-Sep-07,1625.00,1625.00,1588.00,1612.00,81850000
31-Aug-07,1562.00,1625.00,1562.00,1625.00,128663000
30-Aug-07,1575.00,1588.00,1550.00,1562.00,83460000
29-Aug-07,1512.00,1550.00,1500.00,1550.00,95919000
28-Aug-07,1550.00,1588.00,1550.00,1575.00,75335000
27-Aug-07,1525.00,1575.00,1525.00,1575.00,130098000
24-Aug-07,1462.00,1512.00,1438.00,1512.00,73254000
23-Aug-07,1462.00,1500.00,1462.00,1488.00,218724000
22-Aug-07,1400.00,1438.00,1375.00,1425.00,140848000
21-Aug-07,1462.00,1488.00,1375.00,1388.00,130767000
20-Aug-07,1450.00,1475.00,1425.00,1462.00,203022000
16-Aug-07,1388.00,1388.00,1312.00,1350.00,245482000
15-Aug-07,1525.00,1550.00,1450.00,1462.00,241509000
14-Aug-07,1600.00,1600.00,1562.00,1575.00,46185000
13-Aug-07,1600.00,1612.00,1562.00,1612.00,55537000
10-Aug-07,1562.00,1588.00,1538.00,1588.00,158433000
9-Aug-07,1662.00,1675.00,1612.00,1625.00,97434000
8-Aug-07,1600.00,1650.00,1588.00,1638.00,203518000
7-Aug-07,1612.00,1625.00,1562.00,1575.00,150033000
6-Aug-07,1600.00,1600.00,1550.00,1600.00,210602000
3-Aug-07,1675.00,1675.00,1625.00,1650.00,85906000
2-Aug-07,1675.00,1700.00,1625.00,1662.00,216089000
1-Aug-07,1738.00,1738.00,1638.00,1650.00,316062000
31-Jul-07,1762.00,1762.00,1738.00,1762.00,129168000
30-Jul-07,1750.00,1762.00,1700.00,1738.00,205029000
27-Jul-07,1800.00,1825.00,1738.00,1762.00,451053000
26-Jul-07,1875.00,1900.00,1850.00,1862.00,230263000
25-Jul-07,1850.00,1875.00,1850.00,1875.00,143258000
24-Jul-07,1875.00,1888.00,1838.00,1875.00,164962000
23-Jul-07,1838.00,1875.00,1825.00,1862.00,143132000
20-Jul-07,1825.00,1875.00,1825.00,1862.00,190657000
19-Jul-07,1750.00,1812.00,1750.00,1812.00,210872000
18-Jul-07,1738.00,1762.00,1725.00,1750.00,167676000
17-Jul-07,1712.00,1738.00,1712.00,1738.00,171437000
16-Jul-07,1700.00,1750.00,1688.00,1700.00,500694000
13-Jul-07,1738.00,1750.00,1675.00,1688.00,264308000
12-Jul-07,1712.00,1738.00,1675.00,1700.00,418088000
11-Jul-07,1725.00,1738.00,1688.00,1700.00,153335000
10-Jul-07,1725.00,1762.00,1700.00,1762.00,291777000
9-Jul-07,1625.00,1738.00,1625.00,1725.00,571548000
6-Jul-07,1625.00,1625.00,1600.00,1612.00,48526000
5-Jul-07,1612.00,1638.00,1600.00,1625.00,70408000
4-Jul-07,1625.00,1638.00,1600.00,1612.00,48315000
3-Jul-07,1612.00,1638.00,1612.00,1625.00,183104000
2-Jul-07,1562.00,1600.00,1562.00,1600.00,54553000
29-Jun-07,1538.00,1575.00,1538.00,1562.00,69503000
28-Jun-07,1550.00,1562.00,1512.00,1538.00,66755000
27-Jun-07,1562.00,1562.00,1525.00,1538.00,93749000
26-Jun-07,1562.00,1588.00,1562.00,1575.00,14057000
25-Jun-07,1562.00,1575.00,1550.00,1575.00,24369000
22-Jun-07,1575.00,1588.00,1550.00,1575.00,53343000
21-Jun-07,1600.00,1612.00,1575.00,1588.00,34025000
20-Jun-07,1625.00,1625.00,1600.00,1612.00,64435000
19-Jun-07,1600.00,1625.00,1600.00,1625.00,37591000
18-Jun-07,1625.00,1638.00,1600.00,1625.00,33632000
15-Jun-07,1612.00,1625.00,1588.00,1612.00,73039000
14-Jun-07,1575.00,1612.00,1575.00,1600.00,79554000
13-Jun-07,1550.00,1575.00,1538.00,1562.00,46339000
12-Jun-07,1562.00,1575.00,1550.00,1562.00,41459000
11-Jun-07,1562.00,1575.00,1550.00,1562.00,77488000
8-Jun-07,1550.00,1562.00,1525.00,1550.00,111398000
7-Jun-07,1575.00,1600.00,1562.00,1575.00,82239000
5-Jun-07,1612.00,1625.00,1562.00,1575.00,41018000
4-Jun-07,1638.00,1638.00,1600.00,1612.00,68967000
31-May-07,1562.00,1625.00,1562.00,1625.00,147268000
30-May-07,1538.00,1562.00,1525.00,1538.00,45223000
29-May-07,1575.00,1588.00,1538.00,1538.00,18843000
28-May-07,1550.00,1588.00,1550.00,1575.00,79604000
25-May-07,1550.00,1562.00,1525.00,1550.00,150121000
24-May-07,1625.00,1625.00,1562.00,1575.00,72954000
23-May-07,1625.00,1650.00,1612.00,1625.00,112542000
22-May-07,1638.00,1638.00,1612.00,1625.00,68019000
21-May-07,1650.00,1675.00,1625.00,1638.00,272604000
16-May-07,1612.00,1650.00,1600.00,1650.00,198602000
15-May-07,1562.00,1612.00,1562.00,1612.00,219702000
14-May-07,1562.00,1575.00,1538.00,1562.00,48572000
11-May-07,1562.00,1562.00,1525.00,1550.00,76154000
10-May-07,1575.00,1588.00,1550.00,1575.00,85234000
9-May-07,1538.00,1575.00,1525.00,1562.00,67052000
8-May-07,1575.00,1575.00,1538.00,1550.00,31560000
7-May-07,1575.00,1588.00,1538.00,1575.00,88041000
4-May-07,1600.00,1600.00,1525.00,1538.00,135325000
3-May-07,1538.00,1600.00,1538.00,1588.00,294713000
2-May-07,1525.00,1538.00,1488.00,1538.00,162957000
1-May-07,1538.00,1538.00,1512.00,1525.00,76883000
30-Apr-07,1575.00,1575.00,1525.00,1538.00,102010000
27-Apr-07,1575.00,1575.00,1550.00,1575.00,70759000
26-Apr-07,1600.00,1612.00,1562.00,1588.00,233048000
25-Apr-07,1588.00,1588.00,1562.00,1588.00,136240000
24-Apr-07,1625.00,1638.00,1575.00,1588.00,239994000
23-Apr-07,1600.00,1662.00,1600.00,1638.00,386550000
20-Apr-07,1500.00,1575.00,1488.00,1575.00,421779000
19-Apr-07,1500.00,1500.00,1450.00,1462.00,158415000
18-Apr-07,1488.00,1512.00,1488.00,1512.00,177271000
17-Apr-07,1525.00,1525.00,1475.00,1488.00,149912000
16-Apr-07,1525.00,1550.00,1488.00,1512.00,262360000
13-Apr-07,1462.00,1512.00,1462.00,1500.00,377707000
12-Apr-07,1362.00,1450.00,1362.00,1438.00,405862000
11-Apr-07,1400.00,1412.00,1362.00,1375.00,225233000
10-Apr-07,1362.00,1400.00,1350.00,1400.00,147395000
9-Apr-07,1350.00,1362.00,1338.00,1362.00,75701000
5-Apr-07,1350.00,1362.00,1325.00,1338.00,112756000
4-Apr-07,1375.00,1375.00,1350.00,1362.00,236359000
3-Apr-07,1262.00,1338.00,1262.00,1338.00,329809000
2-Apr-07,1250.00,1275.00,1238.00,1262.00,134791000
30-Mar-07,1238.00,1250.00,1225.00,1250.00,40080000
29-Mar-07,1225.00,1250.00,1225.00,1238.00,105358000
28-Mar-07,1262.00,1275.00,1238.00,1250.00,55058000
27-Mar-07,1250.00,1275.00,1250.00,1275.00,60302000
26-Mar-07,1250.00,1275.00,1250.00,1262.00,103101000
23-Mar-07,1238.00,1250.00,1225.00,1250.00,61556000
22-Mar-07,1225.00,1238.00,1212.00,1238.00,89884000
21-Mar-07,1212.00,1225.00,1188.00,1212.00,52105000
20-Mar-07,1238.00,1238.00,1188.00,1200.00,62907000
16-Mar-07,1238.00,1238.00,1212.00,1225.00,51133000
15-Mar-07,1238.00,1250.00,1225.00,1238.00,53286000
14-Mar-07,1225.00,1238.00,1212.00,1212.00,134281000
13-Mar-07,1275.00,1288.00,1250.00,1275.00,139119000
12-Mar-07,1212.00,1288.00,1212.00,1275.00,496772000
9-Mar-07,1200.00,1225.00,1188.00,1212.00,498630000
8-Mar-07,1162.00,1212.00,1162.00,1175.00,291395000
7-Mar-07,1150.00,1175.00,1138.00,1150.00,109712000
6-Mar-07,1150.00,1162.00,1138.00,1150.00,111033000
5-Mar-07,1138.00,1162.00,1100.00,1125.00,159143000
2-Mar-07,1162.00,1188.00,1150.00,1175.00,80178000
1-Mar-07,1175.00,1200.00,1150.00,1162.00,138224000
28-Feb-07,1100.00,1162.00,1075.00,1162.00,319078000
27-Feb-07,1212.00,1238.00,1175.00,1188.00,64635000
26-Feb-07,1238.00,1238.00,1212.00,1225.00,28264000
23-Feb-07,1238.00,1262.00,1238.00,1262.00,34674000
22-Feb-07,1262.00,1275.00,1238.00,1250.00,73812000
21-Feb-07,1262.00,1275.00,1250.00,1262.00,40587000
20-Feb-07,1275.00,1275.00,1250.00,1262.00,12367000
19-Feb-07,1262.00,1275.00,1262.00,1275.00,6800000
16-Feb-07,1288.00,1288.00,1250.00,1262.00,40896000
15-Feb-07,1275.00,1300.00,1262.00,1288.00,106905000
14-Feb-07,1238.00,1275.00,1238.00,1262.00,93738000
13-Feb-07,1225.00,1250.00,1212.00,1225.00,73233000
12-Feb-07,1188.00,1238.00,1188.00,1225.00,115797000
9-Feb-07,1238.00,1238.00,1188.00,1212.00,114247000
8-Feb-07,1275.00,1275.00,1212.00,1225.00,133399000
7-Feb-07,1275.00,1300.00,1275.00,1288.00,34680000
6-Feb-07,1275.00,1312.00,1275.00,1300.00,79670000
5-Feb-07,1288.00,1300.00,1275.00,1288.00,39510000
2-Feb-07,1300.00,1300.00,1288.00,1300.00,66443000
1-Feb-07,1300.00,1300.00,1262.00,1288.00,99466000
31-Jan-07,1300.00,1312.00,1288.00,1288.00,60454000
30-Jan-07,1300.00,1312.00,1288.00,1300.00,96926000
29-Jan-07,1325.00,1338.00,1288.00,1288.00,102511000
26-Jan-07,1312.00,1338.00,1300.00,1325.00,99858000
25-Jan-07,1362.00,1375.00,1325.00,1350.00,85569000
24-Jan-07,1400.00,1412.00,1350.00,1375.00,94937000
23-Jan-07,1400.00,1400.00,1375.00,1400.00,48829000
22-Jan-07,1375.00,1412.00,1375.00,1400.00,193576000
19-Jan-07,1350.00,1362.00,1325.00,1350.00,86521000
18-Jan-07,1362.00,1375.00,1338.00,1350.00,36516000
17-Jan-07,1350.00,1362.00,1338.00,1350.00,60121000
16-Jan-07,1338.00,1362.00,1325.00,1350.00,100786000
15-Jan-07,1250.00,1338.00,1250.00,1325.00,187650000
12-Jan-07,1288.00,1300.00,1175.00,1238.00,241483000
11-Jan-07,1300.00,1300.00,1262.00,1275.00,126918000
10-Jan-07,1312.00,1312.00,1238.00,1275.00,276962000
9-Jan-07,1425.00,1425.00,1325.00,1338.00,273623000
8-Jan-07,1438.00,1438.00,1400.00,1425.00,69588000
5-Jan-07,1450.00,1462.00,1438.00,1450.00,72500000
4-Jan-07,1450.00,1462.00,1438.00,1462.00,74116000
3-Jan-07,1462.00,1462.00,1450.00,1450.00,44531000
2-Jan-07,1450.00,1475.00,1450.00,1475.00,47084000
28-Dec-06,1462.00,1475.00,1438.00,1450.00,40804000
27-Dec-06,1438.00,1462.00,1425.00,1462.00,40928000
26-Dec-06,1425.00,1438.00,1425.00,1438.00,9114000
22-Dec-06,1438.00,1450.00,1425.00,1425.00,24354000
21-Dec-06,1425.00,1438.00,1425.00,1438.00,36725000
20-Dec-06,1400.00,1425.00,1400.00,1425.00,91721000
19-Dec-06,1425.00,1438.00,1362.00,1388.00,150472000
18-Dec-06,1438.00,1450.00,1425.00,1438.00,46680000
15-Dec-06,1425.00,1438.00,1412.00,1438.00,38720000
14-Dec-06,1438.00,1438.00,1412.00,1425.00,60596000
13-Dec-06,1450.00,1462.00,1425.00,1438.00,70955000
12-Dec-06,1400.00,1462.00,1388.00,1450.00,202217000
11-Dec-06,1425.00,1438.00,1388.00,1388.00,105684000
8-Dec-06,1425.00,1425.00,1412.00,1425.00,39750000
7-Dec-06,1438.00,1438.00,1412.00,1425.00,70931000
6-Dec-06,1438.00,1475.00,1438.00,1438.00,110880000
5-Dec-06,1450.00,1450.00,1425.00,1438.00,77646000
4-Dec-06,1450.00,1462.00,1412.00,1438.00,100789000
1-Dec-06,1388.00,1462.00,1388.00,1450.00,143693000
30-Nov-06,1425.00,1450.00,1388.00,1388.00,193373000
29-Nov-06,1338.00,1412.00,1325.00,1412.00,160629000
28-Nov-06,1338.00,1350.00,1312.00,1312.00,105758000
27-Nov-06,1362.00,1375.00,1325.00,1362.00,89798000
24-Nov-06,1362.00,1375.00,1350.00,1350.00,62706000
23-Nov-06,1362.00,1388.00,1350.00,1362.00,69040000
22-Nov-06,1350.00,1362.00,1338.00,1362.00,63850000
21-Nov-06,1362.00,1362.00,1325.00,1350.00,67636000
20-Nov-06,1338.00,1375.00,1338.00,1362.00,51664000
17-Nov-06,1350.00,1400.00,1338.00,1338.00,132909000
16-Nov-06,1350.00,1350.00,1325.00,1338.00,24593000
15-Nov-06,1350.00,1362.00,1338.00,1338.00,63281000
14-Nov-06,1325.00,1375.00,1325.00,1350.00,212152000
13-Nov-06,1388.00,1388.00,1300.00,1325.00,171318000
10-Nov-06,1388.00,1400.00,1375.00,1388.00,74967000
9-Nov-06,1400.00,1412.00,1375.00,1388.00,58319000
8-Nov-06,1412.00,1425.00,1388.00,1400.00,45155000
7-Nov-06,1450.00,1462.00,1400.00,1412.00,75667000
6-Nov-06,1400.00,1450.00,1400.00,1438.00,54256000
3-Nov-06,1425.00,1425.00,1362.00,1400.00,49772000
2-Nov-06,1350.00,1438.00,1350.00,1425.00,105752000
1-Nov-06,1362.00,1362.00,1338.00,1350.00,27224000
31-Oct-06,1350.00,1362.00,1350.00,1362.00,41560000
30-Oct-06,1338.00,1375.00,1325.00,1350.00,55824000
20-Oct-06,1350.00,1350.00,1325.00,1338.00,45693000
19-Oct-06,1338.00,1362.00,1338.00,1350.00,37102000
18-Oct-06,1325.00,1338.00,1312.00,1338.00,49512000
17-Oct-06,1375.00,1375.00,1325.00,1350.00,64203000
16-Oct-06,1400.00,1412.00,1362.00,1375.00,106024000
13-Oct-06,1362.00,1400.00,1362.00,1400.00,118714000
12-Oct-06,1288.00,1350.00,1275.00,1350.00,254725000
11-Oct-06,1250.00,1312.00,1250.00,1288.00,230070000
10-Oct-06,1212.00,1250.00,1212.00,1250.00,124836000
9-Oct-06,1200.00,1225.00,1188.00,1225.00,178662000
6-Oct-06,1175.00,1212.00,1175.00,1200.00,227421000
5-Oct-06,1175.00,1188.00,1150.00,1175.00,178407000
4-Oct-06,1150.00,1162.00,1112.00,1162.00,107633000
3-Oct-06,1150.00,1162.00,1138.00,1150.00,91686000
2-Oct-06,1162.00,1175.00,1138.00,1150.00,46255000
29-Sep-06,1150.00,1188.00,1138.00,1162.00,135112000
28-Sep-06,1150.00,1162.00,1138.00,1150.00,82795000
27-Sep-06,1138.00,1150.00,1125.00,1150.00,110044000
26-Sep-06,1150.00,1150.00,1100.00,1125.00,197136000
25-Sep-06,1175.00,1175.00,1138.00,1150.00,86937000
22-Sep-06,1138.00,1200.00,1138.00,1188.00,328798000
21-Sep-06,1075.00,1150.00,1062.00,1150.00,288914000
20-Sep-06,1050.00,1075.00,1050.00,1062.00,45257000
19-Sep-06,1075.00,1075.00,1050.00,1062.00,33584000
18-Sep-06,1075.00,1088.00,1062.00,1075.00,39841000
15-Sep-06,1062.00,1075.00,1062.00,1075.00,37347000
14-Sep-06,1062.00,1088.00,1062.00,1075.00,76012000
13-Sep-06,1050.00,1062.00,1038.00,1050.00,86076000
12-Sep-06,1038.00,1050.00,1025.00,1038.00,95206000
11-Sep-06,1075.00,1075.00,1038.00,1050.00,120136000
8-Sep-06,1062.00,1100.00,1062.00,1075.00,87291000
7-Sep-06,1075.00,1088.00,1062.00,1088.00,44650000
6-Sep-06,1075.00,1088.00,1062.00,1088.00,66852000
5-Sep-06,1100.00,1112.00,1075.00,1088.00,114263000
4-Sep-06,1088.00,1100.00,1075.00,1100.00,73834000
1-Sep-06,1050.00,1088.00,1050.00,1075.00,127646000
31-Aug-06,1038.00,1062.00,1025.00,1050.00,83672000
30-Aug-06,1075.00,1075.00,1025.00,1038.00,83175000
29-Aug-06,1050.00,1075.00,1025.00,1075.00,65808000
28-Aug-06,1025.00,1062.00,1025.00,1038.00,70941000
25-Aug-06,1075.00,1088.00,1025.00,1038.00,80337000
24-Aug-06,1062.00,1112.00,1062.00,1075.00,278702000
23-Aug-06,1038.00,1100.00,1038.00,1075.00,269283000
22-Aug-06,1050.00,1050.00,1012.00,1038.00,80784000
16-Aug-06,1062.00,1075.00,1038.00,1050.00,80509000
15-Aug-06,1025.00,1050.00,1012.00,1050.00,180804000
14-Aug-06,1025.00,1038.00,1000.00,1025.00,60226000
11-Aug-06,1000.00,1020.00,1000.00,1015.00,137733000
10-Aug-06,1025.00,1025.00,975.00,988.00,101719000
9-Aug-06,1000.00,1025.00,988.00,1025.00,80066000
8-Aug-06,1062.00,1062.00,988.00,1012.00,348500000
7-Aug-06,990.00,1075.00,990.00,1060.00,366949000
4-Aug-06,950.00,990.00,950.00,990.00,238924000
3-Aug-06,950.00,965.00,935.00,935.00,454004000
2-Aug-06,900.00,950.00,900.00,945.00,371223000
1-Aug-06,880.00,900.00,875.00,900.00,143605000
31-Jul-06,875.00,885.00,875.00,880.00,122951000
28-Jul-06,855.00,870.00,855.00,870.00,104797000
27-Jul-06,830.00,855.00,825.00,850.00,162686000
26-Jul-06,815.00,825.00,815.00,820.00,34686000
25-Jul-06,830.00,835.00,810.00,815.00,92383000
24-Jul-06,815.00,825.00,815.00,825.00,45876000
21-Jul-06,820.00,830.00,815.00,820.00,36770000
20-Jul-06,835.00,840.00,825.00,835.00,56293000
19-Jul-06,830.00,830.00,810.00,815.00,41603000
18-Jul-06,810.00,825.00,800.00,820.00,70483000
17-Jul-06,820.00,825.00,800.00,805.00,68314000
14-Jul-06,830.00,845.00,825.00,835.00,101997000
13-Jul-06,860.00,860.00,845.00,850.00,54395000
12-Jul-06,865.00,870.00,855.00,860.00,18168000
11-Jul-06,870.00,870.00,850.00,860.00,56875000
10-Jul-06,850.00,875.00,850.00,865.00,47910000
7-Jul-06,865.00,875.00,855.00,860.00,84626000
6-Jul-06,890.00,895.00,830.00,855.00,934016000
5-Jul-06,865.00,920.00,860.00,900.00,388398000
4-Jul-06,890.00,890.00,860.00,865.00,198271000
3-Jul-06,860.00,880.00,845.00,875.00,201456000
30-Jun-06,870.00,875.00,845.00,860.00,322336000
29-Jun-06,835.00,850.00,835.00,835.00,61484000
28-Jun-06,820.00,835.00,820.00,835.00,48142000
27-Jun-06,840.00,845.00,830.00,840.00,98365000
26-Jun-06,835.00,865.00,815.00,840.00,319750000
23-Jun-06,825.00,845.00,820.00,845.00,86158000
22-Jun-06,840.00,845.00,820.00,840.00,343271000
21-Jun-06,840.00,845.00,815.00,820.00,91496000
20-Jun-06,810.00,840.00,805.00,840.00,170468000
19-Jun-06,805.00,830.00,795.00,825.00,109500000
16-Jun-06,795.00,810.00,790.00,805.00,176174000
15-Jun-06,790.00,795.00,765.00,770.00,120682000
14-Jun-06,765.00,785.00,760.00,775.00,64156000
13-Jun-06,780.00,780.00,760.00,765.00,68756000
12-Jun-06,805.00,805.00,790.00,795.00,55739000
9-Jun-06,785.00,810.00,770.00,810.00,130500000
8-Jun-06,790.00,795.00,765.00,780.00,130421000
7-Jun-06,815.00,825.00,805.00,805.00,74242000
6-Jun-06,825.00,830.00,810.00,830.00,119901000
5-Jun-06,850.00,860.00,840.00,840.00,56256000
2-Jun-06,825.00,855.00,810.00,850.00,191103000
1-Jun-06,855.00,860.00,815.00,820.00,154025000
31-May-06,850.00,860.00,840.00,845.00,201801000
30-May-06,860.00,885.00,860.00,880.00,207802000
29-May-06,860.00,875.00,845.00,850.00,199319000
24-May-06,880.00,890.00,835.00,845.00,452274000
23-May-06,840.00,880.00,805.00,880.00,432462000
22-May-06,940.00,950.00,845.00,845.00,404584000
19-May-06,950.00,970.00,930.00,935.00,222340000
18-May-06,962.00,988.00,912.00,962.00,351373000
17-May-06,950.00,1040.00,950.00,1030.00,590367000
16-May-06,910.00,940.00,880.00,935.00,621618000
15-May-06,1038.00,1038.00,912.00,925.00,507115000
12-May-06,1100.00,1100.00,1050.00,1062.00,295114000
11-May-06,1075.00,1138.00,1075.00,1125.00,396055000
10-May-06,1125.00,1125.00,1050.00,1062.00,281347000
9-May-06,1188.00,1188.00,1112.00,1125.00,183886000
8-May-06,1125.00,1175.00,1125.00,1162.00,210596000
5-May-06,1125.00,1138.00,1100.00,1112.00,78162000
4-May-06,1150.00,1162.00,1088.00,1125.00,261458000
3-May-06,1050.00,1138.00,1050.00,1138.00,429510000
2-May-06,985.00,1035.00,980.00,1035.00,491769000
1-May-06,955.00,975.00,955.00,975.00,214364000
28-Apr-06,955.00,965.00,950.00,960.00,146673000
27-Apr-06,960.00,985.00,955.00,960.00,243789000
26-Apr-06,950.00,965.00,945.00,955.00,136100000
25-Apr-06,935.00,960.00,935.00,950.00,67051000
24-Apr-06,955.00,955.00,925.00,935.00,105343000
21-Apr-06,970.00,985.00,955.00,960.00,136005000
20-Apr-06,950.00,1005.00,950.00,970.00,315556000
19-Apr-06,925.00,955.00,925.00,945.00,191653000
18-Apr-06,900.00,920.00,900.00,920.00,103780000
17-Apr-06,890.00,905.00,880.00,895.00,61734000
13-Apr-06,875.00,895.00,875.00,885.00,61419000
12-Apr-06,845.00,890.00,835.00,870.00,98272000
11-Apr-06,870.00,870.00,845.00,850.00,39256000
7-Apr-06,875.00,880.00,865.00,870.00,27090000
6-Apr-06,870.00,890.00,865.00,875.00,129859000
5-Apr-06,840.00,870.00,840.00,870.00,144906000
4-Apr-06,845.00,845.00,835.00,840.00,14687000
3-Apr-06,845.00,850.00,830.00,830.00,106160000
29-Mar-06,865.00,870.00,840.00,845.00,35544000
28-Mar-06,855.00,875.00,855.00,870.00,80933000
27-Mar-06,845.00,860.00,840.00,855.00,35953000
24-Mar-06,825.00,855.00,825.00,855.00,77609000
23-Mar-06,840.00,845.00,800.00,825.00,124769000
22-Mar-06,865.00,865.00,830.00,840.00,156079000
21-Mar-06,855.00,900.00,845.00,880.00,252799000
20-Mar-06,825.00,855.00,825.00,855.00,203695000
17-Mar-06,825.00,835.00,815.00,820.00,127128000
16-Mar-06,795.00,830.00,795.00,815.00,209805000
15-Mar-06,775.00,795.00,770.00,790.00,117473000
14-Mar-06,760.00,775.00,760.00,775.00,92355000
13-Mar-06,765.00,775.00,750.00,755.00,74646000
10-Mar-06,795.00,795.00,760.00,765.00,194398000
9-Mar-06,805.00,810.00,795.00,800.00,87628000
8-Mar-06,830.00,830.00,790.00,800.00,171271000
7-Mar-06,850.00,855.00,830.00,830.00,49513000
6-Mar-06,845.00,860.00,840.00,860.00,66713000
3-Mar-06,840.00,850.00,830.00,845.00,28230000
2-Mar-06,845.00,855.00,835.00,845.00,82687000
1-Mar-06,805.00,845.00,795.00,840.00,82384000
28-Feb-06,825.00,830.00,810.00,810.00,50258000
27-Feb-06,800.00,830.00,795.00,825.00,77135000
24-Feb-06,830.00,835.00,795.00,805.00,85940000
23-Feb-06,860.00,870.00,825.00,835.00,63936000
22-Feb-06,880.00,880.00,860.00,865.00,76262000
21-Feb-06,890.00,890.00,875.00,880.00,54517000
20-Feb-06,885.00,890.00,880.00,890.00,22290000
17-Feb-06,890.00,895.00,880.00,880.00,86913000
16-Feb-06,905.00,905.00,890.00,890.00,33943000
15-Feb-06,905.00,905.00,890.00,905.00,29552000
14-Feb-06,900.00,905.00,895.00,905.00,83171000
13-Feb-06,905.00,910.00,900.00,900.00,24821000
10-Feb-06,900.00,910.00,900.00,905.00,54504000
9-Feb-06,900.00,900.00,890.00,900.00,13087000
8-Feb-06,900.00,900.00,885.00,895.00,58459000
7-Feb-06,905.00,905.00,895.00,900.00,59285000
6-Feb-06,910.00,915.00,895.00,900.00,84108000
3-Feb-06,890.00,915.00,885.00,915.00,133099000
2-Feb-06,905.00,905.00,890.00,895.00,41448000
1-Feb-06,890.00,915.00,890.00,905.00,116739000
30-Jan-06,900.00,900.00,880.00,890.00,22672000
27-Jan-06,900.00,915.00,890.00,895.00,61240000
26-Jan-06,925.00,930.00,890.00,895.00,54464000
25-Jan-06,890.00,920.00,880.00,920.00,163069000
24-Jan-06,885.00,890.00,870.00,885.00,32595000
23-Jan-06,875.00,885.00,870.00,875.00,53420000
20-Jan-06,925.00,930.00,885.00,900.00,140143000
19-Jan-06,865.00,915.00,835.00,915.00,230699000
18-Jan-06,895.00,905.00,865.00,870.00,114744000
17-Jan-06,925.00,935.00,895.00,905.00,153496000
16-Jan-06,965.00,965.00,930.00,935.00,89757000
13-Jan-06,970.00,970.00,935.00,960.00,113731000
12-Jan-06,990.00,1000.00,965.00,965.00,170692000
11-Jan-06,975.00,1005.00,965.00,990.00,237230000
9-Jan-06,905.00,980.00,905.00,970.00,365390000
6-Jan-06,885.00,910.00,880.00,905.00,142742000
5-Jan-06,900.00,900.00,880.00,885.00,83849000
4-Jan-06,865.00,895.00,865.00,895.00,195351000
3-Jan-06,830.00,865.00,830.00,855.00,114767000
2-Jan-06,820.00,835.00,810.00,835.00,42115000
29-Dec-05,825.00,825.00,815.00,820.00,38156000
28-Dec-05,820.00,830.00,820.00,825.00,59878000
27-Dec-05,800.00,825.00,795.00,820.00,52148000
23-Dec-05,800.00,805.00,790.00,800.00,42388000
22-Dec-05,760.00,795.00,760.00,795.00,69357000
21-Dec-05,780.00,780.00,755.00,760.00,44096000
20-Dec-05,795.00,805.00,770.00,780.00,65095000
19-Dec-05,800.00,805.00,780.00,790.00,21355000
16-Dec-05,805.00,815.00,800.00,805.00,48318000
15-Dec-05,810.00,810.00,795.00,805.00,74742000
14-Dec-05,830.00,830.00,800.00,810.00,94583000
13-Dec-05,825.00,835.00,815.00,830.00,64453000
12-Dec-05,800.00,830.00,800.00,825.00,121439000
9-Dec-05,805.00,805.00,785.00,795.00,89379000
8-Dec-05,750.00,815.00,750.00,805.00,223493000
7-Dec-05,705.00,745.00,705.00,745.00,146607000
6-Dec-05,690.00,715.00,690.00,700.00,93403000
5-Dec-05,690.00,700.00,680.00,690.00,59997000
2-Dec-05,660.00,690.00,660.00,690.00,86432000
1-Dec-05,655.00,670.00,640.00,655.00,139853000
30-Nov-05,625.00,645.00,620.00,645.00,93939000
29-Nov-05,615.00,625.00,615.00,625.00,107060000
28-Nov-05,610.00,620.00,600.00,610.00,28345000
25-Nov-05,605.00,610.00,600.00,610.00,65959000
24-Nov-05,595.00,610.00,590.00,605.00,78450000
23-Nov-05,595.00,595.00,585.00,595.00,27087000
22-Nov-05,595.00,595.00,575.00,595.00,34536000
21-Nov-05,595.00,605.00,590.00,595.00,70056000
18-Nov-05,575.00,590.00,575.00,590.00,95090000
17-Nov-05,560.00,575.00,555.00,570.00,78317000
16-Nov-05,590.00,595.00,550.00,555.00,93747000
15-Nov-05,595.00,595.00,580.00,590.00,41508000
14-Nov-05,625.00,630.00,590.00,600.00,32351000
11-Nov-05,655.00,655.00,630.00,630.00,77649000
10-Nov-05,655.00,655.00,650.00,655.00,31983000
9-Nov-05,660.00,660.00,645.00,655.00,36146000
1-Nov-05,665.00,670.00,650.00,660.00,61371000
31-Oct-05,650.00,660.00,645.00,660.00,18858000
28-Oct-05,650.00,650.00,640.00,650.00,20651000
27-Oct-05,660.00,660.00,650.00,655.00,7367000
26-Oct-05,670.00,670.00,650.00,660.00,64639000
25-Oct-05,695.00,695.00,665.00,670.00,29760000
24-Oct-05,695.00,705.00,685.00,690.00,10951000
21-Oct-05,685.00,695.00,685.00,695.00,18305000
20-Oct-05,690.00,690.00,685.00,690.00,20220000
19-Oct-05,685.00,695.00,675.00,685.00,59898000
18-Oct-05,690.00,695.00,685.00,690.00,29049000
17-Oct-05,705.00,710.00,690.00,690.00,30248000
14-Oct-05,705.00,710.00,695.00,705.00,22475000
13-Oct-05,715.00,715.00,705.00,705.00,26679000
12-Oct-05,725.00,725.00,715.00,720.00,38250000
11-Oct-05,735.00,735.00,725.00,730.00,3668000
10-Oct-05,730.00,735.00,720.00,735.00,16177000
7-Oct-05,730.00,730.00,720.00,725.00,73158000
6-Oct-05,730.00,740.00,720.00,735.00,58821000
5-Oct-05,735.00,740.00,725.00,740.00,26281000
4-Oct-05,745.00,755.00,735.00,740.00,36221000
3-Oct-05,710.00,740.00,700.00,740.00,89954000
30-Sep-05,695.00,730.00,695.00,725.00,133751000
29-Sep-05,670.00,695.00,670.00,695.00,34179000
28-Sep-05,665.00,675.00,665.00,675.00,27397000
27-Sep-05,670.00,670.00,665.00,665.00,24945000
26-Sep-05,665.00,680.00,665.00,665.00,15418000
23-Sep-05,665.00,670.00,660.00,665.00,24315000
22-Sep-05,680.00,680.00,660.00,665.00,38163000
21-Sep-05,695.00,695.00,680.00,685.00,32216000
20-Sep-05,705.00,705.00,685.00,695.00,58860000
19-Sep-05,685.00,705.00,685.00,705.00,50584000
16-Sep-05,685.00,690.00,680.00,685.00,14501000
15-Sep-05,695.00,695.00,685.00,685.00,56227000
14-Sep-05,710.00,710.00,690.00,695.00,74476000
13-Sep-05,705.00,715.00,700.00,715.00,119465000
12-Sep-05,675.00,705.00,675.00,705.00,138344000
9-Sep-05,675.00,690.00,670.00,670.00,46703000
8-Sep-05,680.00,690.00,675.00,675.00,63450000
7-Sep-05,680.00,690.00,675.00,680.00,37787000
6-Sep-05,665.00,680.00,665.00,680.00,30162000
5-Sep-05,675.00,680.00,665.00,665.00,15337000
1-Sep-05,675.00,680.00,660.00,680.00,30193000
31-Aug-05,695.00,705.00,670.00,685.00,95712000
30-Aug-05,635.00,715.00,610.00,710.00,181822000
29-Aug-05,710.00,710.00,645.00,650.00,217002000
26-Aug-05,745.00,745.00,715.00,720.00,48799000
25-Aug-05,705.00,745.00,705.00,745.00,96942000
24-Aug-05,750.00,750.00,695.00,705.00,88292000
23-Aug-05,775.00,775.00,755.00,755.00,39416000
22-Aug-05,780.00,780.00,765.00,775.00,21108000
19-Aug-05,785.00,790.00,775.00,780.00,45982000
18-Aug-05,795.00,800.00,775.00,795.00,55511000
16-Aug-05,795.00,805.00,785.00,795.00,29457000
15-Aug-05,820.00,820.00,785.00,790.00,90449000
12-Aug-05,830.00,835.00,815.00,825.00,25116000
11-Aug-05,840.00,840.00,830.00,835.00,19282000
10-Aug-05,835.00,840.00,825.00,840.00,52209000
9-Aug-05,825.00,835.00,825.00,835.00,44432000
8-Aug-05,825.00,830.00,815.00,825.00,60169000
5-Aug-05,835.00,835.00,825.00,830.00,30735000
4-Aug-05,825.00,840.00,825.00,835.00,86376000
3-Aug-05,810.00,825.00,810.00,825.00,74952000
2-Aug-05,810.00,815.00,805.00,815.00,52672000
1-Aug-05,800.00,820.00,800.00,815.00,60973000
29-Jul-05,805.00,810.00,800.00,805.00,41728000
28-Jul-05,800.00,805.00,800.00,805.00,25667000
27-Jul-05,805.00,805.00,800.00,800.00,28896000
26-Jul-05,810.00,815.00,800.00,805.00,86951000
25-Jul-05,795.00,815.00,795.00,815.00,88760000
22-Jul-05,790.00,805.00,785.00,795.00,141474000
21-Jul-05,765.00,790.00,760.00,790.00,160423000
20-Jul-05,765.00,765.00,755.00,765.00,81438000
19-Jul-05,740.00,765.00,740.00,765.00,94996000
18-Jul-05,745.00,750.00,740.00,745.00,26756000
15-Jul-05,750.00,755.00,745.00,750.00,110036000
14-Jul-05,755.00,760.00,750.00,750.00,71776000
13-Jul-05,750.00,760.00,750.00,760.00,31596000
12-Jul-05,750.00,760.00,750.00,755.00,49550000
11-Jul-05,745.00,750.00,740.00,750.00,44582000
8-Jul-05,740.00,745.00,740.00,740.00,29814000
7-Jul-05,740.00,745.00,735.00,740.00,93180000
6-Jul-05,750.00,750.00,735.00,745.00,81823000
5-Jul-05,765.00,765.00,745.00,750.00,43873000
4-Jul-05,770.00,775.00,760.00,770.00,53993000
1-Jul-05,750.00,770.00,750.00,770.00,73576000
30-Jun-05,755.00,755.00,750.00,750.00,48931000
29-Jun-05,760.00,760.00,750.00,755.00,26204000
28-Jun-05,750.00,765.00,750.00,760.00,29904000
27-Jun-05,760.00,760.00,750.00,755.00,33698000
24-Jun-05,745.00,760.00,745.00,760.00,43045000
23-Jun-05,760.00,770.00,750.00,755.00,85926000
22-Jun-05,735.00,760.00,730.00,760.00,155583000
21-Jun-05,740.00,740.00,730.00,735.00,56558000
20-Jun-05,730.00,740.00,725.00,740.00,67421000
17-Jun-05,725.00,735.00,725.00,730.00,83867000
16-Jun-05,725.00,730.00,715.00,725.00,131967000
15-Jun-05,725.00,740.00,725.00,725.00,122717000
14-Jun-05,730.00,730.00,720.00,725.00,47816000
13-Jun-05,755.00,760.00,745.00,755.00,56550000
10-Jun-05,760.00,760.00,750.00,755.00,61001000
9-Jun-05,770.00,770.00,755.00,765.00,41177000
8-Jun-05,755.00,770.00,745.00,770.00,117069000
7-Jun-05,750.00,770.00,740.00,755.00,94570000
6-Jun-05,730.00,760.00,720.00,750.00,128563000
3-Jun-05,790.00,790.00,735.00,740.00,226593000
2-Jun-05,820.00,820.00,790.00,795.00,155132000
1-Jun-05,825.00,830.00,810.00,820.00,74895000
31-May-05,835.00,835.00,815.00,830.00,263515000
30-May-05,845.00,855.00,840.00,850.00,86912000
27-May-05,845.00,850.00,840.00,845.00,30155000
26-May-05,840.00,845.00,830.00,845.00,66743000
25-May-05,830.00,845.00,825.00,845.00,89957000
23-May-05,825.00,830.00,820.00,830.00,27827000
20-May-05,820.00,830.00,815.00,830.00,54148000
19-May-05,840.00,840.00,820.00,820.00,33436000
18-May-05,850.00,850.00,825.00,835.00,39443000
17-May-05,850.00,860.00,830.00,850.00,103490000
16-May-05,845.00,855.00,840.00,845.00,56465000
13-May-05,840.00,845.00,830.00,840.00,76554000
12-May-05,830.00,855.00,825.00,845.00,171431000
11-May-05,840.00,840.00,820.00,830.00,79226000
10-May-05,870.00,870.00,845.00,850.00,126761000
9-May-05,835.00,870.00,835.00,870.00,171085000
6-May-05,830.00,840.00,830.00,835.00,38383000
4-May-05,810.00,835.00,810.00,825.00,47155000
3-May-05,795.00,815.00,790.00,810.00,30312000
2-May-05,800.00,805.00,790.00,795.00,18861000
29-Apr-05,805.00,810.00,785.00,800.00,122926000
28-Apr-05,740.00,820.00,740.00,815.00,229329000
27-Apr-05,710.00,740.00,710.00,735.00,130835000
26-Apr-05,710.00,730.00,680.00,710.00,212258000
25-Apr-05,795.00,795.00,710.00,710.00,142299000
21-Apr-05,815.00,815.00,795.00,795.00,45949000
20-Apr-05,835.00,835.00,815.00,830.00,66389000
19-Apr-05,815.00,835.00,815.00,830.00,56011000
18-Apr-05,835.00,835.00,805.00,810.00,62367000
15-Apr-05,860.00,860.00,840.00,845.00,42396000
14-Apr-05,860.00,870.00,855.00,865.00,42798000
13-Apr-05,840.00,860.00,840.00,860.00,37941000
12-Apr-05,855.00,855.00,830.00,845.00,89183000
11-Apr-05,860.00,865.00,850.00,860.00,35059000
8-Apr-05,880.00,880.00,865.00,870.00,18578000
7-Apr-05,870.00,885.00,860.00,875.00,80996000
6-Apr-05,860.00,870.00,860.00,870.00,46356000
5-Apr-05,850.00,860.00,850.00,860.00,37870000
4-Apr-05,850.00,860.00,850.00,850.00,17565000
1-Apr-05,855.00,865.00,850.00,855.00,21792000
